c 75398 76312
p cnf 120 5045
1 0
2 0
3 0
4 0
-5 0
-6 0
-7 0
-8 0
-9 0
-10 0
-11 0
-12 0
-13 0
-14 0
-15 0
-16 0
-17 0
-18 0
-19 0
-20 0
-21 -22 0
-21 22 0
-21 -23 0
-21 23 0
-21 5 0
-21 4 0
-21 4 0
-24 -22 0
-24 25 0
-24 -26 0
-24 23 0
-24 5 0
-24 4 0
-24 18 0
-27 -22 0
-27 28 0
-27 -29 0
-27 23 0
-27 5 0
-27 4 0
-27 19 0
-30 -22 0
-30 31 0
-30 -32 0
-30 23 0
-30 5 0
-30 4 0
-30 20 0
-33 -25 0
-33 22 0
-33 -23 0
-33 26 0
-33 1 0
-33 4 0
-33 4 0
-34 -25 0
-34 25 0
-34 -26 0
-34 26 0
-34 1 0
-34 4 0
-34 18 0
-35 -25 0
-35 28 0
-35 -29 0
-35 26 0
-35 1 0
-35 4 0
-35 19 0
-36 -25 0
-36 31 0
-36 -32 0
-36 26 0
-36 1 0
-36 4 0
-36 20 0
-37 -28 0
-37 22 0
-37 -23 0
-37 29 0
-37 6 0
-37 4 0
-37 4 0
-38 -28 0
-38 25 0
-38 -26 0
-38 29 0
-38 6 0
-38 4 0
-38 18 0
-39 -28 0
-39 28 0
-39 -29 0
-39 29 0
-39 6 0
-39 4 0
-39 19 0
-40 -28 0
-40 31 0
-40 -32 0
-40 29 0
-40 6 0
-40 4 0
-40 20 0
-41 -31 0
-41 22 0
-41 -23 0
-41 32 0
-41 7 0
-41 4 0
-41 4 0
-42 -31 0
-42 25 0
-42 -26 0
-42 32 0
-42 7 0
-42 4 0
-42 18 0
-43 -31 0
-43 28 0
-43 -29 0
-43 32 0
-43 7 0
-43 4 0
-43 19 0
-44 -31 0
-44 31 0
-44 -32 0
-44 32 0
-44 7 0
-44 4 0
-44 20 0
-45 -46 0
-45 46 0
-45 -23 0
-45 23 0
-45 8 0
-45 18 0
-45 4 0
-47 -46 0
-47 48 0
-47 -26 0
-47 23 0
-47 8 0
-47 18 0
-47 18 0
-49 -46 0
-49 50 0
-49 -29 0
-49 23 0
-49 8 0
-49 18 0
-49 19 0
-51 -46 0
-51 52 0
-51 -32 0
-51 23 0
-51 8 0
-51 18 0
-51 20 0
-53 -48 0
-53 46 0
-53 -23 0
-53 26 0
-53 9 0
-53 18 0
-53 4 0
-54 -48 0
-54 48 0
-54 -26 0
-54 26 0
-54 9 0
-54 18 0
-54 18 0
-55 -48 0
-55 50 0
-55 -29 0
-55 26 0
-55 9 0
-55 18 0
-55 19 0
-56 -48 0
-56 52 0
-56 -32 0
-56 26 0
-56 9 0
-56 18 0
-56 20 0
-57 -50 0
-57 46 0
-57 -23 0
-57 29 0
-57 2 0
-57 18 0
-57 4 0
-58 -50 0
-58 48 0
-58 -26 0
-58 29 0
-58 2 0
-58 18 0
-58 18 0
-59 -50 0
-59 50 0
-59 -29 0
-59 29 0
-59 2 0
-59 18 0
-59 19 0
-60 -50 0
-60 52 0
-60 -32 0
-60 29 0
-60 2 0
-60 18 0
-60 20 0
-61 -52 0
-61 46 0
-61 -23 0
-61 32 0
-61 10 0
-61 18 0
-61 4 0
-62 -52 0
-62 48 0
-62 -26 0
-62 32 0
-62 10 0
-62 18 0
-62 18 0
-63 -52 0
-63 50 0
-63 -29 0
-63 32 0
-63 10 0
-63 18 0
-63 19 0
-64 -52 0
-64 52 0
-64 -32 0
-64 32 0
-64 10 0
-64 18 0
-64 20 0
-65 -66 0
-65 66 0
-65 -23 0
-65 23 0
-65 11 0
-65 19 0
-65 4 0
-67 -66 0
-67 68 0
-67 -26 0
-67 23 0
-67 11 0
-67 19 0
-67 18 0
-69 -66 0
-69 70 0
-69 -29 0
-69 23 0
-69 11 0
-69 19 0
-69 19 0
-71 -66 0
-71 72 0
-71 -32 0
-71 23 0
-71 11 0
-71 19 0
-71 20 0
-73 -68 0
-73 66 0
-73 -23 0
-73 26 0
-73 12 0
-73 19 0
-73 4 0
-74 -68 0
-74 68 0
-74 -26 0
-74 26 0
-74 12 0
-74 19 0
-74 18 0
-75 -68 0
-75 70 0
-75 -29 0
-75 26 0
-75 12 0
-75 19 0
-75 19 0
-76 -68 0
-76 72 0
-76 -32 0
-76 26 0
-76 12 0
-76 19 0
-76 20 0
-77 -70 0
-77 66 0
-77 -23 0
-77 29 0
-77 13 0
-77 19 0
-77 4 0
-78 -70 0
-78 68 0
-78 -26 0
-78 29 0
-78 13 0
-78 19 0
-78 18 0
-79 -70 0
-79 70 0
-79 -29 0
-79 29 0
-79 13 0
-79 19 0
-79 19 0
-80 -70 0
-80 72 0
-80 -32 0
-80 29 0
-80 13 0
-80 19 0
-80 20 0
-81 -72 0
-81 66 0
-81 -23 0
-81 32 0
-81 3 0
-81 19 0
-81 4 0
-82 -72 0
-82 68 0
-82 -26 0
-82 32 0
-82 3 0
-82 19 0
-82 18 0
-83 -72 0
-83 70 0
-83 -29 0
-83 32 0
-83 3 0
-83 19 0
-83 19 0
-84 -72 0
-84 72 0
-84 -32 0
-84 32 0
-84 3 0
-84 19 0
-84 20 0
-85 -86 0
-85 86 0
-85 -23 0
-85 23 0
-85 14 0
-85 20 0
-85 4 0
-87 -86 0
-87 88 0
-87 -26 0
-87 23 0
-87 14 0
-87 20 0
-87 18 0
-89 -86 0
-89 90 0
-89 -29 0
-89 23 0
-89 14 0
-89 20 0
-89 19 0
-91 -86 0
-91 92 0
-91 -32 0
-91 23 0
-91 14 0
-91 20 0
-91 20 0
-93 -88 0
-93 86 0
-93 -23 0
-93 26 0
-93 15 0
-93 20 0
-93 4 0
-94 -88 0
-94 88 0
-94 -26 0
-94 26 0
-94 15 0
-94 20 0
-94 18 0
-95 -88 0
-95 90 0
-95 -29 0
-95 26 0
-95 15 0
-95 20 0
-95 19 0
-96 -88 0
-96 92 0
-96 -32 0
-96 26 0
-96 15 0
-96 20 0
-96 20 0
-97 -90 0
-97 86 0
-97 -23 0
-97 29 0
-97 16 0
-97 20 0
-97 4 0
-98 -90 0
-98 88 0
-98 -26 0
-98 29 0
-98 16 0
-98 20 0
-98 18 0
-99 -90 0
-99 90 0
-99 -29 0
-99 29 0
-99 16 0
-99 20 0
-99 19 0
-100 -90 0
-100 92 0
-100 -32 0
-100 29 0
-100 16 0
-100 20 0
-100 20 0
-101 -92 0
-101 86 0
-101 -23 0
-101 32 0
-101 17 0
-101 20 0
-101 4 0
-102 -92 0
-102 88 0
-102 -26 0
-102 32 0
-102 17 0
-102 20 0
-102 18 0
-103 -92 0
-103 90 0
-103 -29 0
-103 32 0
-103 17 0
-103 20 0
-103 19 0
-104 -92 0
-104 92 0
-104 -32 0
-104 32 0
-104 17 0
-104 20 0
-104 20 0
-105 -22 0
-105 31 0
-105 23 0
-105 5 0
-105 4 0
-106 -25 0
-106 31 0
-106 26 0
-106 1 0
-106 4 0
-107 -28 0
-107 31 0
-107 29 0
-107 6 0
-107 4 0
-108 -31 0
-108 31 0
-108 32 0
-108 7 0
-108 4 0
-109 -46 0
-109 52 0
-109 23 0
-109 8 0
-109 18 0
-110 -48 0
-110 52 0
-110 26 0
-110 9 0
-110 18 0
-111 -50 0
-111 52 0
-111 29 0
-111 2 0
-111 18 0
-112 -52 0
-112 52 0
-112 32 0
-112 10 0
-112 18 0
-113 -66 0
-113 72 0
-113 23 0
-113 11 0
-113 19 0
-114 -68 0
-114 72 0
-114 26 0
-114 12 0
-114 19 0
-115 -70 0
-115 72 0
-115 29 0
-115 13 0
-115 19 0
-116 -72 0
-116 72 0
-116 32 0
-116 3 0
-116 19 0
-117 -86 0
-117 92 0
-117 23 0
-117 14 0
-117 20 0
-118 -88 0
-118 92 0
-118 26 0
-118 15 0
-118 20 0
-119 -90 0
-119 92 0
-119 29 0
-119 16 0
-119 20 0
-120 -92 0
-120 92 0
-120 32 0
-120 17 0
-120 20 0
-21 -18 26 0
-21 -19 29 0
-21 -20 32 0
-21 -1 25 0
-21 -6 28 0
-21 -7 31 0
-21 -8 46 0
-21 -9 48 0
-21 -2 50 0
-21 -10 52 0
-21 -11 66 0
-21 -12 68 0
-21 -13 70 0
-21 -3 72 0
-21 -14 86 0
-21 -15 88 0
-21 -16 90 0
-21 -17 92 0
-24 -19 29 0
-24 -20 32 0
-24 -6 28 0
-24 -7 31 0
-24 -8 46 0
-24 -9 48 0
-24 -2 50 0
-24 -10 52 0
-24 -11 66 0
-24 -12 68 0
-24 -13 70 0
-24 -3 72 0
-24 -14 86 0
-24 -15 88 0
-24 -16 90 0
-24 -17 92 0
-27 -18 26 0
-27 -20 32 0
-27 -1 25 0
-27 -7 31 0
-27 -8 46 0
-27 -9 48 0
-27 -2 50 0
-27 -10 52 0
-27 -11 66 0
-27 -12 68 0
-27 -13 70 0
-27 -3 72 0
-27 -14 86 0
-27 -15 88 0
-27 -16 90 0
-27 -17 92 0
-30 -18 26 0
-30 -19 29 0
-30 -1 25 0
-30 -6 28 0
-30 -8 46 0
-30 -9 48 0
-30 -2 50 0
-30 -10 52 0
-30 -11 66 0
-30 -12 68 0
-30 -13 70 0
-30 -3 72 0
-30 -14 86 0
-30 -15 88 0
-30 -16 90 0
-30 -17 92 0
-33 -19 29 0
-33 -20 32 0
-33 -6 28 0
-33 -7 31 0
-33 -8 46 0
-33 -9 48 0
-33 -2 50 0
-33 -10 52 0
-33 -11 66 0
-33 -12 68 0
-33 -13 70 0
-33 -3 72 0
-33 -14 86 0
-33 -15 88 0
-33 -16 90 0
-33 -17 92 0
-34 -4 23 0
-34 -19 29 0
-34 -20 32 0
-34 -5 22 0
-34 -6 28 0
-34 -7 31 0
-34 -8 46 0
-34 -9 48 0
-34 -2 50 0
-34 -10 52 0
-34 -11 66 0
-34 -12 68 0
-34 -13 70 0
-34 -3 72 0
-34 -14 86 0
-34 -15 88 0
-34 -16 90 0
-34 -17 92 0
-35 -4 23 0
-35 -20 32 0
-35 -5 22 0
-35 -7 31 0
-35 -8 46 0
-35 -9 48 0
-35 -2 50 0
-35 -10 52 0
-35 -11 66 0
-35 -12 68 0
-35 -13 70 0
-35 -3 72 0
-35 -14 86 0
-35 -15 88 0
-35 -16 90 0
-35 -17 92 0
-36 -4 23 0
-36 -19 29 0
-36 -5 22 0
-36 -6 28 0
-36 -8 46 0
-36 -9 48 0
-36 -2 50 0
-36 -10 52 0
-36 -11 66 0
-36 -12 68 0
-36 -13 70 0
-36 -3 72 0
-36 -14 86 0
-36 -15 88 0
-36 -16 90 0
-36 -17 92 0
-37 -18 26 0
-37 -20 32 0
-37 -1 25 0
-37 -7 31 0
-37 -8 46 0
-37 -9 48 0
-37 -2 50 0
-37 -10 52 0
-37 -11 66 0
-37 -12 68 0
-37 -13 70 0
-37 -3 72 0
-37 -14 86 0
-37 -15 88 0
-37 -16 90 0
-37 -17 92 0
-38 -4 23 0
-38 -20 32 0
-38 -5 22 0
-38 -7 31 0
-38 -8 46 0
-38 -9 48 0
-38 -2 50 0
-38 -10 52 0
-38 -11 66 0
-38 -12 68 0
-38 -13 70 0
-38 -3 72 0
-38 -14 86 0
-38 -15 88 0
-38 -16 90 0
-38 -17 92 0
-39 -4 23 0
-39 -18 26 0
-39 -20 32 0
-39 -5 22 0
-39 -1 25 0
-39 -7 31 0
-39 -8 46 0
-39 -9 48 0
-39 -2 50 0
-39 -10 52 0
-39 -11 66 0
-39 -12 68 0
-39 -13 70 0
-39 -3 72 0
-39 -14 86 0
-39 -15 88 0
-39 -16 90 0
-39 -17 92 0
-40 -4 23 0
-40 -18 26 0
-40 -5 22 0
-40 -1 25 0
-40 -8 46 0
-40 -9 48 0
-40 -2 50 0
-40 -10 52 0
-40 -11 66 0
-40 -12 68 0
-40 -13 70 0
-40 -3 72 0
-40 -14 86 0
-40 -15 88 0
-40 -16 90 0
-40 -17 92 0
-41 -18 26 0
-41 -19 29 0
-41 -1 25 0
-41 -6 28 0
-41 -8 46 0
-41 -9 48 0
-41 -2 50 0
-41 -10 52 0
-41 -11 66 0
-41 -12 68 0
-41 -13 70 0
-41 -3 72 0
-41 -14 86 0
-41 -15 88 0
-41 -16 90 0
-41 -17 92 0
-42 -4 23 0
-42 -19 29 0
-42 -5 22 0
-42 -6 28 0
-42 -8 46 0
-42 -9 48 0
-42 -2 50 0
-42 -10 52 0
-42 -11 66 0
-42 -12 68 0
-42 -13 70 0
-42 -3 72 0
-42 -14 86 0
-42 -15 88 0
-42 -16 90 0
-42 -17 92 0
-43 -4 23 0
-43 -18 26 0
-43 -5 22 0
-43 -1 25 0
-43 -8 46 0
-43 -9 48 0
-43 -2 50 0
-43 -10 52 0
-43 -11 66 0
-43 -12 68 0
-43 -13 70 0
-43 -3 72 0
-43 -14 86 0
-43 -15 88 0
-43 -16 90 0
-43 -17 92 0
-44 -4 23 0
-44 -18 26 0
-44 -19 29 0
-44 -5 22 0
-44 -1 25 0
-44 -6 28 0
-44 -8 46 0
-44 -9 48 0
-44 -2 50 0
-44 -10 52 0
-44 -11 66 0
-44 -12 68 0
-44 -13 70 0
-44 -3 72 0
-44 -14 86 0
-44 -15 88 0
-44 -16 90 0
-44 -17 92 0
-45 -18 26 0
-45 -19 29 0
-45 -20 32 0
-45 -5 22 0
-45 -1 25 0
-45 -6 28 0
-45 -7 31 0
-45 -9 48 0
-45 -2 50 0
-45 -10 52 0
-45 -11 66 0
-45 -12 68 0
-45 -13 70 0
-45 -3 72 0
-45 -14 86 0
-45 -15 88 0
-45 -16 90 0
-45 -17 92 0
-47 -19 29 0
-47 -20 32 0
-47 -5 22 0
-47 -1 25 0
-47 -6 28 0
-47 -7 31 0
-47 -2 50 0
-47 -10 52 0
-47 -11 66 0
-47 -12 68 0
-47 -13 70 0
-47 -3 72 0
-47 -14 86 0
-47 -15 88 0
-47 -16 90 0
-47 -17 92 0
-49 -18 26 0
-49 -20 32 0
-49 -5 22 0
-49 -1 25 0
-49 -6 28 0
-49 -7 31 0
-49 -9 48 0
-49 -10 52 0
-49 -11 66 0
-49 -12 68 0
-49 -13 70 0
-49 -3 72 0
-49 -14 86 0
-49 -15 88 0
-49 -16 90 0
-49 -17 92 0
-51 -18 26 0
-51 -19 29 0
-51 -5 22 0
-51 -1 25 0
-51 -6 28 0
-51 -7 31 0
-51 -9 48 0
-51 -2 50 0
-51 -11 66 0
-51 -12 68 0
-51 -13 70 0
-51 -3 72 0
-51 -14 86 0
-51 -15 88 0
-51 -16 90 0
-51 -17 92 0
-53 -19 29 0
-53 -20 32 0
-53 -5 22 0
-53 -1 25 0
-53 -6 28 0
-53 -7 31 0
-53 -2 50 0
-53 -10 52 0
-53 -11 66 0
-53 -12 68 0
-53 -13 70 0
-53 -3 72 0
-53 -14 86 0
-53 -15 88 0
-53 -16 90 0
-53 -17 92 0
-54 -4 23 0
-54 -19 29 0
-54 -20 32 0
-54 -5 22 0
-54 -1 25 0
-54 -6 28 0
-54 -7 31 0
-54 -8 46 0
-54 -2 50 0
-54 -10 52 0
-54 -11 66 0
-54 -12 68 0
-54 -13 70 0
-54 -3 72 0
-54 -14 86 0
-54 -15 88 0
-54 -16 90 0
-54 -17 92 0
-55 -4 23 0
-55 -20 32 0
-55 -5 22 0
-55 -1 25 0
-55 -6 28 0
-55 -7 31 0
-55 -8 46 0
-55 -10 52 0
-55 -11 66 0
-55 -12 68 0
-55 -13 70 0
-55 -3 72 0
-55 -14 86 0
-55 -15 88 0
-55 -16 90 0
-55 -17 92 0
-56 -4 23 0
-56 -19 29 0
-56 -5 22 0
-56 -1 25 0
-56 -6 28 0
-56 -7 31 0
-56 -8 46 0
-56 -2 50 0
-56 -11 66 0
-56 -12 68 0
-56 -13 70 0
-56 -3 72 0
-56 -14 86 0
-56 -15 88 0
-56 -16 90 0
-56 -17 92 0
-57 -18 26 0
-57 -20 32 0
-57 -5 22 0
-57 -1 25 0
-57 -6 28 0
-57 -7 31 0
-57 -9 48 0
-57 -10 52 0
-57 -11 66 0
-57 -12 68 0
-57 -13 70 0
-57 -3 72 0
-57 -14 86 0
-57 -15 88 0
-57 -16 90 0
-57 -17 92 0
-58 -4 23 0
-58 -20 32 0
-58 -5 22 0
-58 -1 25 0
-58 -6 28 0
-58 -7 31 0
-58 -8 46 0
-58 -10 52 0
-58 -11 66 0
-58 -12 68 0
-58 -13 70 0
-58 -3 72 0
-58 -14 86 0
-58 -15 88 0
-58 -16 90 0
-58 -17 92 0
-59 -4 23 0
-59 -18 26 0
-59 -20 32 0
-59 -5 22 0
-59 -1 25 0
-59 -6 28 0
-59 -7 31 0
-59 -8 46 0
-59 -9 48 0
-59 -10 52 0
-59 -11 66 0
-59 -12 68 0
-59 -13 70 0
-59 -3 72 0
-59 -14 86 0
-59 -15 88 0
-59 -16 90 0
-59 -17 92 0
-60 -4 23 0
-60 -18 26 0
-60 -5 22 0
-60 -1 25 0
-60 -6 28 0
-60 -7 31 0
-60 -8 46 0
-60 -9 48 0
-60 -11 66 0
-60 -12 68 0
-60 -13 70 0
-60 -3 72 0
-60 -14 86 0
-60 -15 88 0
-60 -16 90 0
-60 -17 92 0
-61 -18 26 0
-61 -19 29 0
-61 -5 22 0
-61 -1 25 0
-61 -6 28 0
-61 -7 31 0
-61 -9 48 0
-61 -2 50 0
-61 -11 66 0
-61 -12 68 0
-61 -13 70 0
-61 -3 72 0
-61 -14 86 0
-61 -15 88 0
-61 -16 90 0
-61 -17 92 0
-62 -4 23 0
-62 -19 29 0
-62 -5 22 0
-62 -1 25 0
-62 -6 28 0
-62 -7 31 0
-62 -8 46 0
-62 -2 50 0
-62 -11 66 0
-62 -12 68 0
-62 -13 70 0
-62 -3 72 0
-62 -14 86 0
-62 -15 88 0
-62 -16 90 0
-62 -17 92 0
-63 -4 23 0
-63 -18 26 0
-63 -5 22 0
-63 -1 25 0
-63 -6 28 0
-63 -7 31 0
-63 -8 46 0
-63 -9 48 0
-63 -11 66 0
-63 -12 68 0
-63 -13 70 0
-63 -3 72 0
-63 -14 86 0
-63 -15 88 0
-63 -16 90 0
-63 -17 92 0
-64 -4 23 0
-64 -18 26 0
-64 -19 29 0
-64 -5 22 0
-64 -1 25 0
-64 -6 28 0
-64 -7 31 0
-64 -8 46 0
-64 -9 48 0
-64 -2 50 0
-64 -11 66 0
-64 -12 68 0
-64 -13 70 0
-64 -3 72 0
-64 -14 86 0
-64 -15 88 0
-64 -16 90 0
-64 -17 92 0
-65 -18 26 0
-65 -19 29 0
-65 -20 32 0
-65 -5 22 0
-65 -1 25 0
-65 -6 28 0
-65 -7 31 0
-65 -8 46 0
-65 -9 48 0
-65 -2 50 0
-65 -10 52 0
-65 -12 68 0
-65 -13 70 0
-65 -3 72 0
-65 -14 86 0
-65 -15 88 0
-65 -16 90 0
-65 -17 92 0
-67 -19 29 0
-67 -20 32 0
-67 -5 22 0
-67 -1 25 0
-67 -6 28 0
-67 -7 31 0
-67 -8 46 0
-67 -9 48 0
-67 -2 50 0
-67 -10 52 0
-67 -13 70 0
-67 -3 72 0
-67 -14 86 0
-67 -15 88 0
-67 -16 90 0
-67 -17 92 0
-69 -18 26 0
-69 -20 32 0
-69 -5 22 0
-69 -1 25 0
-69 -6 28 0
-69 -7 31 0
-69 -8 46 0
-69 -9 48 0
-69 -2 50 0
-69 -10 52 0
-69 -12 68 0
-69 -3 72 0
-69 -14 86 0
-69 -15 88 0
-69 -16 90 0
-69 -17 92 0
-71 -18 26 0
-71 -19 29 0
-71 -5 22 0
-71 -1 25 0
-71 -6 28 0
-71 -7 31 0
-71 -8 46 0
-71 -9 48 0
-71 -2 50 0
-71 -10 52 0
-71 -12 68 0
-71 -13 70 0
-71 -14 86 0
-71 -15 88 0
-71 -16 90 0
-71 -17 92 0
-73 -19 29 0
-73 -20 32 0
-73 -5 22 0
-73 -1 25 0
-73 -6 28 0
-73 -7 31 0
-73 -8 46 0
-73 -9 48 0
-73 -2 50 0
-73 -10 52 0
-73 -13 70 0
-73 -3 72 0
-73 -14 86 0
-73 -15 88 0
-73 -16 90 0
-73 -17 92 0
-74 -4 23 0
-74 -19 29 0
-74 -20 32 0
-74 -5 22 0
-74 -1 25 0
-74 -6 28 0
-74 -7 31 0
-74 -8 46 0
-74 -9 48 0
-74 -2 50 0
-74 -10 52 0
-74 -11 66 0
-74 -13 70 0
-74 -3 72 0
-74 -14 86 0
-74 -15 88 0
-74 -16 90 0
-74 -17 92 0
-75 -4 23 0
-75 -20 32 0
-75 -5 22 0
-75 -1 25 0
-75 -6 28 0
-75 -7 31 0
-75 -8 46 0
-75 -9 48 0
-75 -2 50 0
-75 -10 52 0
-75 -11 66 0
-75 -3 72 0
-75 -14 86 0
-75 -15 88 0
-75 -16 90 0
-75 -17 92 0
-76 -4 23 0
-76 -19 29 0
-76 -5 22 0
-76 -1 25 0
-76 -6 28 0
-76 -7 31 0
-76 -8 46 0
-76 -9 48 0
-76 -2 50 0
-76 -10 52 0
-76 -11 66 0
-76 -13 70 0
-76 -14 86 0
-76 -15 88 0
-76 -16 90 0
-76 -17 92 0
-77 -18 26 0
-77 -20 32 0
-77 -5 22 0
-77 -1 25 0
-77 -6 28 0
-77 -7 31 0
-77 -8 46 0
-77 -9 48 0
-77 -2 50 0
-77 -10 52 0
-77 -12 68 0
-77 -3 72 0
-77 -14 86 0
-77 -15 88 0
-77 -16 90 0
-77 -17 92 0
-78 -4 23 0
-78 -20 32 0
-78 -5 22 0
-78 -1 25 0
-78 -6 28 0
-78 -7 31 0
-78 -8 46 0
-78 -9 48 0
-78 -2 50 0
-78 -10 52 0
-78 -11 66 0
-78 -3 72 0
-78 -14 86 0
-78 -15 88 0
-78 -16 90 0
-78 -17 92 0
-79 -4 23 0
-79 -18 26 0
-79 -20 32 0
-79 -5 22 0
-79 -1 25 0
-79 -6 28 0
-79 -7 31 0
-79 -8 46 0
-79 -9 48 0
-79 -2 50 0
-79 -10 52 0
-79 -11 66 0
-79 -12 68 0
-79 -3 72 0
-79 -14 86 0
-79 -15 88 0
-79 -16 90 0
-79 -17 92 0
-80 -4 23 0
-80 -18 26 0
-80 -5 22 0
-80 -1 25 0
-80 -6 28 0
-80 -7 31 0
-80 -8 46 0
-80 -9 48 0
-80 -2 50 0
-80 -10 52 0
-80 -11 66 0
-80 -12 68 0
-80 -14 86 0
-80 -15 88 0
-80 -16 90 0
-80 -17 92 0
-81 -18 26 0
-81 -19 29 0
-81 -5 22 0
-81 -1 25 0
-81 -6 28 0
-81 -7 31 0
-81 -8 46 0
-81 -9 48 0
-81 -2 50 0
-81 -10 52 0
-81 -12 68 0
-81 -13 70 0
-81 -14 86 0
-81 -15 88 0
-81 -16 90 0
-81 -17 92 0
-82 -4 23 0
-82 -19 29 0
-82 -5 22 0
-82 -1 25 0
-82 -6 28 0
-82 -7 31 0
-82 -8 46 0
-82 -9 48 0
-82 -2 50 0
-82 -10 52 0
-82 -11 66 0
-82 -13 70 0
-82 -14 86 0
-82 -15 88 0
-82 -16 90 0
-82 -17 92 0
-83 -4 23 0
-83 -18 26 0
-83 -5 22 0
-83 -1 25 0
-83 -6 28 0
-83 -7 31 0
-83 -8 46 0
-83 -9 48 0
-83 -2 50 0
-83 -10 52 0
-83 -11 66 0
-83 -12 68 0
-83 -14 86 0
-83 -15 88 0
-83 -16 90 0
-83 -17 92 0
-84 -4 23 0
-84 -18 26 0
-84 -19 29 0
-84 -5 22 0
-84 -1 25 0
-84 -6 28 0
-84 -7 31 0
-84 -8 46 0
-84 -9 48 0
-84 -2 50 0
-84 -10 52 0
-84 -11 66 0
-84 -12 68 0
-84 -13 70 0
-84 -14 86 0
-84 -15 88 0
-84 -16 90 0
-84 -17 92 0
-85 -18 26 0
-85 -19 29 0
-85 -20 32 0
-85 -5 22 0
-85 -1 25 0
-85 -6 28 0
-85 -7 31 0
-85 -8 46 0
-85 -9 48 0
-85 -2 50 0
-85 -10 52 0
-85 -11 66 0
-85 -12 68 0
-85 -13 70 0
-85 -3 72 0
-85 -15 88 0
-85 -16 90 0
-85 -17 92 0
-87 -19 29 0
-87 -20 32 0
-87 -5 22 0
-87 -1 25 0
-87 -6 28 0
-87 -7 31 0
-87 -8 46 0
-87 -9 48 0
-87 -2 50 0
-87 -10 52 0
-87 -11 66 0
-87 -12 68 0
-87 -13 70 0
-87 -3 72 0
-87 -16 90 0
-87 -17 92 0
-89 -18 26 0
-89 -20 32 0
-89 -5 22 0
-89 -1 25 0
-89 -6 28 0
-89 -7 31 0
-89 -8 46 0
-89 -9 48 0
-89 -2 50 0
-89 -10 52 0
-89 -11 66 0
-89 -12 68 0
-89 -13 70 0
-89 -3 72 0
-89 -15 88 0
-89 -17 92 0
-91 -18 26 0
-91 -19 29 0
-91 -5 22 0
-91 -1 25 0
-91 -6 28 0
-91 -7 31 0
-91 -8 46 0
-91 -9 48 0
-91 -2 50 0
-91 -10 52 0
-91 -11 66 0
-91 -12 68 0
-91 -13 70 0
-91 -3 72 0
-91 -15 88 0
-91 -16 90 0
-93 -19 29 0
-93 -20 32 0
-93 -5 22 0
-93 -1 25 0
-93 -6 28 0
-93 -7 31 0
-93 -8 46 0
-93 -9 48 0
-93 -2 50 0
-93 -10 52 0
-93 -11 66 0
-93 -12 68 0
-93 -13 70 0
-93 -3 72 0
-93 -16 90 0
-93 -17 92 0
-94 -4 23 0
-94 -19 29 0
-94 -20 32 0
-94 -5 22 0
-94 -1 25 0
-94 -6 28 0
-94 -7 31 0
-94 -8 46 0
-94 -9 48 0
-94 -2 50 0
-94 -10 52 0
-94 -11 66 0
-94 -12 68 0
-94 -13 70 0
-94 -3 72 0
-94 -14 86 0
-94 -16 90 0
-94 -17 92 0
-95 -4 23 0
-95 -20 32 0
-95 -5 22 0
-95 -1 25 0
-95 -6 28 0
-95 -7 31 0
-95 -8 46 0
-95 -9 48 0
-95 -2 50 0
-95 -10 52 0
-95 -11 66 0
-95 -12 68 0
-95 -13 70 0
-95 -3 72 0
-95 -14 86 0
-95 -17 92 0
-96 -4 23 0
-96 -19 29 0
-96 -5 22 0
-96 -1 25 0
-96 -6 28 0
-96 -7 31 0
-96 -8 46 0
-96 -9 48 0
-96 -2 50 0
-96 -10 52 0
-96 -11 66 0
-96 -12 68 0
-96 -13 70 0
-96 -3 72 0
-96 -14 86 0
-96 -16 90 0
-97 -18 26 0
-97 -20 32 0
-97 -5 22 0
-97 -1 25 0
-97 -6 28 0
-97 -7 31 0
-97 -8 46 0
-97 -9 48 0
-97 -2 50 0
-97 -10 52 0
-97 -11 66 0
-97 -12 68 0
-97 -13 70 0
-97 -3 72 0
-97 -15 88 0
-97 -17 92 0
-98 -4 23 0
-98 -20 32 0
-98 -5 22 0
-98 -1 25 0
-98 -6 28 0
-98 -7 31 0
-98 -8 46 0
-98 -9 48 0
-98 -2 50 0
-98 -10 52 0
-98 -11 66 0
-98 -12 68 0
-98 -13 70 0
-98 -3 72 0
-98 -14 86 0
-98 -17 92 0
-99 -4 23 0
-99 -18 26 0
-99 -20 32 0
-99 -5 22 0
-99 -1 25 0
-99 -6 28 0
-99 -7 31 0
-99 -8 46 0
-99 -9 48 0
-99 -2 50 0
-99 -10 52 0
-99 -11 66 0
-99 -12 68 0
-99 -13 70 0
-99 -3 72 0
-99 -14 86 0
-99 -15 88 0
-99 -17 92 0
-100 -4 23 0
-100 -18 26 0
-100 -5 22 0
-100 -1 25 0
-100 -6 28 0
-100 -7 31 0
-100 -8 46 0
-100 -9 48 0
-100 -2 50 0
-100 -10 52 0
-100 -11 66 0
-100 -12 68 0
-100 -13 70 0
-100 -3 72 0
-100 -14 86 0
-100 -15 88 0
-101 -18 26 0
-101 -19 29 0
-101 -5 22 0
-101 -1 25 0
-101 -6 28 0
-101 -7 31 0
-101 -8 46 0
-101 -9 48 0
-101 -2 50 0
-101 -10 52 0
-101 -11 66 0
-101 -12 68 0
-101 -13 70 0
-101 -3 72 0
-101 -15 88 0
-101 -16 90 0
-102 -4 23 0
-102 -19 29 0
-102 -5 22 0
-102 -1 25 0
-102 -6 28 0
-102 -7 31 0
-102 -8 46 0
-102 -9 48 0
-102 -2 50 0
-102 -10 52 0
-102 -11 66 0
-102 -12 68 0
-102 -13 70 0
-102 -3 72 0
-102 -14 86 0
-102 -16 90 0
-103 -4 23 0
-103 -18 26 0
-103 -5 22 0
-103 -1 25 0
-103 -6 28 0
-103 -7 31 0
-103 -8 46 0
-103 -9 48 0
-103 -2 50 0
-103 -10 52 0
-103 -11 66 0
-103 -12 68 0
-103 -13 70 0
-103 -3 72 0
-103 -14 86 0
-103 -15 88 0
-104 -4 23 0
-104 -18 26 0
-104 -19 29 0
-104 -5 22 0
-104 -1 25 0
-104 -6 28 0
-104 -7 31 0
-104 -8 46 0
-104 -9 48 0
-104 -2 50 0
-104 -10 52 0
-104 -11 66 0
-104 -12 68 0
-104 -13 70 0
-104 -3 72 0
-104 -14 86 0
-104 -15 88 0
-104 -16 90 0
-105 -18 26 0
-105 -19 29 0
-105 -20 32 0
-105 -1 25 0
-105 -6 28 0
-105 -8 46 0
-105 -9 48 0
-105 -2 50 0
-105 -10 52 0
-105 -11 66 0
-105 -12 68 0
-105 -13 70 0
-105 -3 72 0
-105 -14 86 0
-105 -15 88 0
-105 -16 90 0
-105 -17 92 0
-106 -4 23 0
-106 -19 29 0
-106 -20 32 0
-106 -5 22 0
-106 -6 28 0
-106 -8 46 0
-106 -9 48 0
-106 -2 50 0
-106 -10 52 0
-106 -11 66 0
-106 -12 68 0
-106 -13 70 0
-106 -3 72 0
-106 -14 86 0
-106 -15 88 0
-106 -16 90 0
-106 -17 92 0
-107 -4 23 0
-107 -18 26 0
-107 -20 32 0
-107 -5 22 0
-107 -1 25 0
-107 -8 46 0
-107 -9 48 0
-107 -2 50 0
-107 -10 52 0
-107 -11 66 0
-107 -12 68 0
-107 -13 70 0
-107 -3 72 0
-107 -14 86 0
-107 -15 88 0
-107 -16 90 0
-107 -17 92 0
-108 -4 23 0
-108 -18 26 0
-108 -19 29 0
-108 -5 22 0
-108 -1 25 0
-108 -6 28 0
-108 -8 46 0
-108 -9 48 0
-108 -2 50 0
-108 -10 52 0
-108 -11 66 0
-108 -12 68 0
-108 -13 70 0
-108 -3 72 0
-108 -14 86 0
-108 -15 88 0
-108 -16 90 0
-108 -17 92 0
-109 -18 26 0
-109 -19 29 0
-109 -20 32 0
-109 -5 22 0
-109 -1 25 0
-109 -6 28 0
-109 -7 31 0
-109 -9 48 0
-109 -2 50 0
-109 -11 66 0
-109 -12 68 0
-109 -13 70 0
-109 -3 72 0
-109 -14 86 0
-109 -15 88 0
-109 -16 90 0
-109 -17 92 0
-110 -4 23 0
-110 -19 29 0
-110 -20 32 0
-110 -5 22 0
-110 -1 25 0
-110 -6 28 0
-110 -7 31 0
-110 -8 46 0
-110 -2 50 0
-110 -11 66 0
-110 -12 68 0
-110 -13 70 0
-110 -3 72 0
-110 -14 86 0
-110 -15 88 0
-110 -16 90 0
-110 -17 92 0
-111 -4 23 0
-111 -18 26 0
-111 -20 32 0
-111 -5 22 0
-111 -1 25 0
-111 -6 28 0
-111 -7 31 0
-111 -8 46 0
-111 -9 48 0
-111 -11 66 0
-111 -12 68 0
-111 -13 70 0
-111 -3 72 0
-111 -14 86 0
-111 -15 88 0
-111 -16 90 0
-111 -17 92 0
-112 -4 23 0
-112 -18 26 0
-112 -19 29 0
-112 -5 22 0
-112 -1 25 0
-112 -6 28 0
-112 -7 31 0
-112 -8 46 0
-112 -9 48 0
-112 -2 50 0
-112 -11 66 0
-112 -12 68 0
-112 -13 70 0
-112 -3 72 0
-112 -14 86 0
-112 -15 88 0
-112 -16 90 0
-112 -17 92 0
-113 -18 26 0
-113 -19 29 0
-113 -20 32 0
-113 -5 22 0
-113 -1 25 0
-113 -6 28 0
-113 -7 31 0
-113 -8 46 0
-113 -9 48 0
-113 -2 50 0
-113 -10 52 0
-113 -12 68 0
-113 -13 70 0
-113 -14 86 0
-113 -15 88 0
-113 -16 90 0
-113 -17 92 0
-114 -4 23 0
-114 -19 29 0
-114 -20 32 0
-114 -5 22 0
-114 -1 25 0
-114 -6 28 0
-114 -7 31 0
-114 -8 46 0
-114 -9 48 0
-114 -2 50 0
-114 -10 52 0
-114 -11 66 0
-114 -13 70 0
-114 -14 86 0
-114 -15 88 0
-114 -16 90 0
-114 -17 92 0
-115 -4 23 0
-115 -18 26 0
-115 -20 32 0
-115 -5 22 0
-115 -1 25 0
-115 -6 28 0
-115 -7 31 0
-115 -8 46 0
-115 -9 48 0
-115 -2 50 0
-115 -10 52 0
-115 -11 66 0
-115 -12 68 0
-115 -14 86 0
-115 -15 88 0
-115 -16 90 0
-115 -17 92 0
-116 -4 23 0
-116 -18 26 0
-116 -19 29 0
-116 -5 22 0
-116 -1 25 0
-116 -6 28 0
-116 -7 31 0
-116 -8 46 0
-116 -9 48 0
-116 -2 50 0
-116 -10 52 0
-116 -11 66 0
-116 -12 68 0
-116 -13 70 0
-116 -14 86 0
-116 -15 88 0
-116 -16 90 0
-116 -17 92 0
-117 -18 26 0
-117 -19 29 0
-117 -20 32 0
-117 -5 22 0
-117 -1 25 0
-117 -6 28 0
-117 -7 31 0
-117 -8 46 0
-117 -9 48 0
-117 -2 50 0
-117 -10 52 0
-117 -11 66 0
-117 -12 68 0
-117 -13 70 0
-117 -3 72 0
-117 -15 88 0
-117 -16 90 0
-118 -4 23 0
-118 -19 29 0
-118 -20 32 0
-118 -5 22 0
-118 -1 25 0
-118 -6 28 0
-118 -7 31 0
-118 -8 46 0
-118 -9 48 0
-118 -2 50 0
-118 -10 52 0
-118 -11 66 0
-118 -12 68 0
-118 -13 70 0
-118 -3 72 0
-118 -14 86 0
-118 -16 90 0
-119 -4 23 0
-119 -18 26 0
-119 -20 32 0
-119 -5 22 0
-119 -1 25 0
-119 -6 28 0
-119 -7 31 0
-119 -8 46 0
-119 -9 48 0
-119 -2 50 0
-119 -10 52 0
-119 -11 66 0
-119 -12 68 0
-119 -13 70 0
-119 -3 72 0
-119 -14 86 0
-119 -15 88 0
-120 -4 23 0
-120 -18 26 0
-120 -19 29 0
-120 -5 22 0
-120 -1 25 0
-120 -6 28 0
-120 -7 31 0
-120 -8 46 0
-120 -9 48 0
-120 -2 50 0
-120 -10 52 0
-120 -11 66 0
-120 -12 68 0
-120 -13 70 0
-120 -3 72 0
-120 -14 86 0
-120 -15 88 0
-120 -16 90 0
21 24 27 30 33 34 35 36 37 38 39 40 41 42 43 44 45 47 49 51 53 54 55 56 57 58 59 60 61 62 63 64 65 67 69 71 73 74 75 76 77 78 79 80 81 82 83 84 85 87 89 91 93 94 95 96 97 98 99 100 101 102 103 104 105 106 107 108 109 110 111 112 113 114 115 116 117 118 119 120 0
-24 -21 0
-27 -21 0
-30 -21 0
-33 -21 0
-34 -21 0
-35 -21 0
-36 -21 0
-37 -21 0
-38 -21 0
-39 -21 0
-40 -21 0
-41 -21 0
-42 -21 0
-43 -21 0
-44 -21 0
-45 -21 0
-47 -21 0
-49 -21 0
-51 -21 0
-53 -21 0
-54 -21 0
-55 -21 0
-56 -21 0
-57 -21 0
-58 -21 0
-59 -21 0
-60 -21 0
-61 -21 0
-62 -21 0
-63 -21 0
-64 -21 0
-65 -21 0
-67 -21 0
-69 -21 0
-71 -21 0
-73 -21 0
-74 -21 0
-75 -21 0
-76 -21 0
-77 -21 0
-78 -21 0
-79 -21 0
-80 -21 0
-81 -21 0
-82 -21 0
-83 -21 0
-84 -21 0
-85 -21 0
-87 -21 0
-89 -21 0
-91 -21 0
-93 -21 0
-94 -21 0
-95 -21 0
-96 -21 0
-97 -21 0
-98 -21 0
-99 -21 0
-100 -21 0
-101 -21 0
-102 -21 0
-103 -21 0
-104 -21 0
-105 -21 0
-106 -21 0
-107 -21 0
-108 -21 0
-109 -21 0
-110 -21 0
-111 -21 0
-112 -21 0
-113 -21 0
-114 -21 0
-115 -21 0
-116 -21 0
-117 -21 0
-118 -21 0
-119 -21 0
-120 -21 0
-27 -24 0
-30 -24 0
-33 -24 0
-34 -24 0
-35 -24 0
-36 -24 0
-37 -24 0
-38 -24 0
-39 -24 0
-40 -24 0
-41 -24 0
-42 -24 0
-43 -24 0
-44 -24 0
-45 -24 0
-47 -24 0
-49 -24 0
-51 -24 0
-53 -24 0
-54 -24 0
-55 -24 0
-56 -24 0
-57 -24 0
-58 -24 0
-59 -24 0
-60 -24 0
-61 -24 0
-62 -24 0
-63 -24 0
-64 -24 0
-65 -24 0
-67 -24 0
-69 -24 0
-71 -24 0
-73 -24 0
-74 -24 0
-75 -24 0
-76 -24 0
-77 -24 0
-78 -24 0
-79 -24 0
-80 -24 0
-81 -24 0
-82 -24 0
-83 -24 0
-84 -24 0
-85 -24 0
-87 -24 0
-89 -24 0
-91 -24 0
-93 -24 0
-94 -24 0
-95 -24 0
-96 -24 0
-97 -24 0
-98 -24 0
-99 -24 0
-100 -24 0
-101 -24 0
-102 -24 0
-103 -24 0
-104 -24 0
-105 -24 0
-106 -24 0
-107 -24 0
-108 -24 0
-109 -24 0
-110 -24 0
-111 -24 0
-112 -24 0
-113 -24 0
-114 -24 0
-115 -24 0
-116 -24 0
-117 -24 0
-118 -24 0
-119 -24 0
-120 -24 0
-30 -27 0
-33 -27 0
-34 -27 0
-35 -27 0
-36 -27 0
-37 -27 0
-38 -27 0
-39 -27 0
-40 -27 0
-41 -27 0
-42 -27 0
-43 -27 0
-44 -27 0
-45 -27 0
-47 -27 0
-49 -27 0
-51 -27 0
-53 -27 0
-54 -27 0
-55 -27 0
-56 -27 0
-57 -27 0
-58 -27 0
-59 -27 0
-60 -27 0
-61 -27 0
-62 -27 0
-63 -27 0
-64 -27 0
-65 -27 0
-67 -27 0
-69 -27 0
-71 -27 0
-73 -27 0
-74 -27 0
-75 -27 0
-76 -27 0
-77 -27 0
-78 -27 0
-79 -27 0
-80 -27 0
-81 -27 0
-82 -27 0
-83 -27 0
-84 -27 0
-85 -27 0
-87 -27 0
-89 -27 0
-91 -27 0
-93 -27 0
-94 -27 0
-95 -27 0
-96 -27 0
-97 -27 0
-98 -27 0
-99 -27 0
-100 -27 0
-101 -27 0
-102 -27 0
-103 -27 0
-104 -27 0
-105 -27 0
-106 -27 0
-107 -27 0
-108 -27 0
-109 -27 0
-110 -27 0
-111 -27 0
-112 -27 0
-113 -27 0
-114 -27 0
-115 -27 0
-116 -27 0
-117 -27 0
-118 -27 0
-119 -27 0
-120 -27 0
-33 -30 0
-34 -30 0
-35 -30 0
-36 -30 0
-37 -30 0
-38 -30 0
-39 -30 0
-40 -30 0
-41 -30 0
-42 -30 0
-43 -30 0
-44 -30 0
-45 -30 0
-47 -30 0
-49 -30 0
-51 -30 0
-53 -30 0
-54 -30 0
-55 -30 0
-56 -30 0
-57 -30 0
-58 -30 0
-59 -30 0
-60 -30 0
-61 -30 0
-62 -30 0
-63 -30 0
-64 -30 0
-65 -30 0
-67 -30 0
-69 -30 0
-71 -30 0
-73 -30 0
-74 -30 0
-75 -30 0
-76 -30 0
-77 -30 0
-78 -30 0
-79 -30 0
-80 -30 0
-81 -30 0
-82 -30 0
-83 -30 0
-84 -30 0
-85 -30 0
-87 -30 0
-89 -30 0
-91 -30 0
-93 -30 0
-94 -30 0
-95 -30 0
-96 -30 0
-97 -30 0
-98 -30 0
-99 -30 0
-100 -30 0
-101 -30 0
-102 -30 0
-103 -30 0
-104 -30 0
-105 -30 0
-106 -30 0
-107 -30 0
-108 -30 0
-109 -30 0
-110 -30 0
-111 -30 0
-112 -30 0
-113 -30 0
-114 -30 0
-115 -30 0
-116 -30 0
-117 -30 0
-118 -30 0
-119 -30 0
-120 -30 0
-34 -33 0
-35 -33 0
-36 -33 0
-37 -33 0
-38 -33 0
-39 -33 0
-40 -33 0
-41 -33 0
-42 -33 0
-43 -33 0
-44 -33 0
-45 -33 0
-47 -33 0
-49 -33 0
-51 -33 0
-53 -33 0
-54 -33 0
-55 -33 0
-56 -33 0
-57 -33 0
-58 -33 0
-59 -33 0
-60 -33 0
-61 -33 0
-62 -33 0
-63 -33 0
-64 -33 0
-65 -33 0
-67 -33 0
-69 -33 0
-71 -33 0
-73 -33 0
-74 -33 0
-75 -33 0
-76 -33 0
-77 -33 0
-78 -33 0
-79 -33 0
-80 -33 0
-81 -33 0
-82 -33 0
-83 -33 0
-84 -33 0
-85 -33 0
-87 -33 0
-89 -33 0
-91 -33 0
-93 -33 0
-94 -33 0
-95 -33 0
-96 -33 0
-97 -33 0
-98 -33 0
-99 -33 0
-100 -33 0
-101 -33 0
-102 -33 0
-103 -33 0
-104 -33 0
-105 -33 0
-106 -33 0
-107 -33 0
-108 -33 0
-109 -33 0
-110 -33 0
-111 -33 0
-112 -33 0
-113 -33 0
-114 -33 0
-115 -33 0
-116 -33 0
-117 -33 0
-118 -33 0
-119 -33 0
-120 -33 0
-35 -34 0
-36 -34 0
-37 -34 0
-38 -34 0
-39 -34 0
-40 -34 0
-41 -34 0
-42 -34 0
-43 -34 0
-44 -34 0
-45 -34 0
-47 -34 0
-49 -34 0
-51 -34 0
-53 -34 0
-54 -34 0
-55 -34 0
-56 -34 0
-57 -34 0
-58 -34 0
-59 -34 0
-60 -34 0
-61 -34 0
-62 -34 0
-63 -34 0
-64 -34 0
-65 -34 0
-67 -34 0
-69 -34 0
-71 -34 0
-73 -34 0
-74 -34 0
-75 -34 0
-76 -34 0
-77 -34 0
-78 -34 0
-79 -34 0
-80 -34 0
-81 -34 0
-82 -34 0
-83 -34 0
-84 -34 0
-85 -34 0
-87 -34 0
-89 -34 0
-91 -34 0
-93 -34 0
-94 -34 0
-95 -34 0
-96 -34 0
-97 -34 0
-98 -34 0
-99 -34 0
-100 -34 0
-101 -34 0
-102 -34 0
-103 -34 0
-104 -34 0
-105 -34 0
-106 -34 0
-107 -34 0
-108 -34 0
-109 -34 0
-110 -34 0
-111 -34 0
-112 -34 0
-113 -34 0
-114 -34 0
-115 -34 0
-116 -34 0
-117 -34 0
-118 -34 0
-119 -34 0
-120 -34 0
-36 -35 0
-37 -35 0
-38 -35 0
-39 -35 0
-40 -35 0
-41 -35 0
-42 -35 0
-43 -35 0
-44 -35 0
-45 -35 0
-47 -35 0
-49 -35 0
-51 -35 0
-53 -35 0
-54 -35 0
-55 -35 0
-56 -35 0
-57 -35 0
-58 -35 0
-59 -35 0
-60 -35 0
-61 -35 0
-62 -35 0
-63 -35 0
-64 -35 0
-65 -35 0
-67 -35 0
-69 -35 0
-71 -35 0
-73 -35 0
-74 -35 0
-75 -35 0
-76 -35 0
-77 -35 0
-78 -35 0
-79 -35 0
-80 -35 0
-81 -35 0
-82 -35 0
-83 -35 0
-84 -35 0
-85 -35 0
-87 -35 0
-89 -35 0
-91 -35 0
-93 -35 0
-94 -35 0
-95 -35 0
-96 -35 0
-97 -35 0
-98 -35 0
-99 -35 0
-100 -35 0
-101 -35 0
-102 -35 0
-103 -35 0
-104 -35 0
-105 -35 0
-106 -35 0
-107 -35 0
-108 -35 0
-109 -35 0
-110 -35 0
-111 -35 0
-112 -35 0
-113 -35 0
-114 -35 0
-115 -35 0
-116 -35 0
-117 -35 0
-118 -35 0
-119 -35 0
-120 -35 0
-37 -36 0
-38 -36 0
-39 -36 0
-40 -36 0
-41 -36 0
-42 -36 0
-43 -36 0
-44 -36 0
-45 -36 0
-47 -36 0
-49 -36 0
-51 -36 0
-53 -36 0
-54 -36 0
-55 -36 0
-56 -36 0
-57 -36 0
-58 -36 0
-59 -36 0
-60 -36 0
-61 -36 0
-62 -36 0
-63 -36 0
-64 -36 0
-65 -36 0
-67 -36 0
-69 -36 0
-71 -36 0
-73 -36 0
-74 -36 0
-75 -36 0
-76 -36 0
-77 -36 0
-78 -36 0
-79 -36 0
-80 -36 0
-81 -36 0
-82 -36 0
-83 -36 0
-84 -36 0
-85 -36 0
-87 -36 0
-89 -36 0
-91 -36 0
-93 -36 0
-94 -36 0
-95 -36 0
-96 -36 0
-97 -36 0
-98 -36 0
-99 -36 0
-100 -36 0
-101 -36 0
-102 -36 0
-103 -36 0
-104 -36 0
-105 -36 0
-106 -36 0
-107 -36 0
-108 -36 0
-109 -36 0
-110 -36 0
-111 -36 0
-112 -36 0
-113 -36 0
-114 -36 0
-115 -36 0
-116 -36 0
-117 -36 0
-118 -36 0
-119 -36 0
-120 -36 0
-38 -37 0
-39 -37 0
-40 -37 0
-41 -37 0
-42 -37 0
-43 -37 0
-44 -37 0
-45 -37 0
-47 -37 0
-49 -37 0
-51 -37 0
-53 -37 0
-54 -37 0
-55 -37 0
-56 -37 0
-57 -37 0
-58 -37 0
-59 -37 0
-60 -37 0
-61 -37 0
-62 -37 0
-63 -37 0
-64 -37 0
-65 -37 0
-67 -37 0
-69 -37 0
-71 -37 0
-73 -37 0
-74 -37 0
-75 -37 0
-76 -37 0
-77 -37 0
-78 -37 0
-79 -37 0
-80 -37 0
-81 -37 0
-82 -37 0
-83 -37 0
-84 -37 0
-85 -37 0
-87 -37 0
-89 -37 0
-91 -37 0
-93 -37 0
-94 -37 0
-95 -37 0
-96 -37 0
-97 -37 0
-98 -37 0
-99 -37 0
-100 -37 0
-101 -37 0
-102 -37 0
-103 -37 0
-104 -37 0
-105 -37 0
-106 -37 0
-107 -37 0
-108 -37 0
-109 -37 0
-110 -37 0
-111 -37 0
-112 -37 0
-113 -37 0
-114 -37 0
-115 -37 0
-116 -37 0
-117 -37 0
-118 -37 0
-119 -37 0
-120 -37 0
-39 -38 0
-40 -38 0
-41 -38 0
-42 -38 0
-43 -38 0
-44 -38 0
-45 -38 0
-47 -38 0
-49 -38 0
-51 -38 0
-53 -38 0
-54 -38 0
-55 -38 0
-56 -38 0
-57 -38 0
-58 -38 0
-59 -38 0
-60 -38 0
-61 -38 0
-62 -38 0
-63 -38 0
-64 -38 0
-65 -38 0
-67 -38 0
-69 -38 0
-71 -38 0
-73 -38 0
-74 -38 0
-75 -38 0
-76 -38 0
-77 -38 0
-78 -38 0
-79 -38 0
-80 -38 0
-81 -38 0
-82 -38 0
-83 -38 0
-84 -38 0
-85 -38 0
-87 -38 0
-89 -38 0
-91 -38 0
-93 -38 0
-94 -38 0
-95 -38 0
-96 -38 0
-97 -38 0
-98 -38 0
-99 -38 0
-100 -38 0
-101 -38 0
-102 -38 0
-103 -38 0
-104 -38 0
-105 -38 0
-106 -38 0
-107 -38 0
-108 -38 0
-109 -38 0
-110 -38 0
-111 -38 0
-112 -38 0
-113 -38 0
-114 -38 0
-115 -38 0
-116 -38 0
-117 -38 0
-118 -38 0
-119 -38 0
-120 -38 0
-40 -39 0
-41 -39 0
-42 -39 0
-43 -39 0
-44 -39 0
-45 -39 0
-47 -39 0
-49 -39 0
-51 -39 0
-53 -39 0
-54 -39 0
-55 -39 0
-56 -39 0
-57 -39 0
-58 -39 0
-59 -39 0
-60 -39 0
-61 -39 0
-62 -39 0
-63 -39 0
-64 -39 0
-65 -39 0
-67 -39 0
-69 -39 0
-71 -39 0
-73 -39 0
-74 -39 0
-75 -39 0
-76 -39 0
-77 -39 0
-78 -39 0
-79 -39 0
-80 -39 0
-81 -39 0
-82 -39 0
-83 -39 0
-84 -39 0
-85 -39 0
-87 -39 0
-89 -39 0
-91 -39 0
-93 -39 0
-94 -39 0
-95 -39 0
-96 -39 0
-97 -39 0
-98 -39 0
-99 -39 0
-100 -39 0
-101 -39 0
-102 -39 0
-103 -39 0
-104 -39 0
-105 -39 0
-106 -39 0
-107 -39 0
-108 -39 0
-109 -39 0
-110 -39 0
-111 -39 0
-112 -39 0
-113 -39 0
-114 -39 0
-115 -39 0
-116 -39 0
-117 -39 0
-118 -39 0
-119 -39 0
-120 -39 0
-41 -40 0
-42 -40 0
-43 -40 0
-44 -40 0
-45 -40 0
-47 -40 0
-49 -40 0
-51 -40 0
-53 -40 0
-54 -40 0
-55 -40 0
-56 -40 0
-57 -40 0
-58 -40 0
-59 -40 0
-60 -40 0
-61 -40 0
-62 -40 0
-63 -40 0
-64 -40 0
-65 -40 0
-67 -40 0
-69 -40 0
-71 -40 0
-73 -40 0
-74 -40 0
-75 -40 0
-76 -40 0
-77 -40 0
-78 -40 0
-79 -40 0
-80 -40 0
-81 -40 0
-82 -40 0
-83 -40 0
-84 -40 0
-85 -40 0
-87 -40 0
-89 -40 0
-91 -40 0
-93 -40 0
-94 -40 0
-95 -40 0
-96 -40 0
-97 -40 0
-98 -40 0
-99 -40 0
-100 -40 0
-101 -40 0
-102 -40 0
-103 -40 0
-104 -40 0
-105 -40 0
-106 -40 0
-107 -40 0
-108 -40 0
-109 -40 0
-110 -40 0
-111 -40 0
-112 -40 0
-113 -40 0
-114 -40 0
-115 -40 0
-116 -40 0
-117 -40 0
-118 -40 0
-119 -40 0
-120 -40 0
-42 -41 0
-43 -41 0
-44 -41 0
-45 -41 0
-47 -41 0
-49 -41 0
-51 -41 0
-53 -41 0
-54 -41 0
-55 -41 0
-56 -41 0
-57 -41 0
-58 -41 0
-59 -41 0
-60 -41 0
-61 -41 0
-62 -41 0
-63 -41 0
-64 -41 0
-65 -41 0
-67 -41 0
-69 -41 0
-71 -41 0
-73 -41 0
-74 -41 0
-75 -41 0
-76 -41 0
-77 -41 0
-78 -41 0
-79 -41 0
-80 -41 0
-81 -41 0
-82 -41 0
-83 -41 0
-84 -41 0
-85 -41 0
-87 -41 0
-89 -41 0
-91 -41 0
-93 -41 0
-94 -41 0
-95 -41 0
-96 -41 0
-97 -41 0
-98 -41 0
-99 -41 0
-100 -41 0
-101 -41 0
-102 -41 0
-103 -41 0
-104 -41 0
-105 -41 0
-106 -41 0
-107 -41 0
-108 -41 0
-109 -41 0
-110 -41 0
-111 -41 0
-112 -41 0
-113 -41 0
-114 -41 0
-115 -41 0
-116 -41 0
-117 -41 0
-118 -41 0
-119 -41 0
-120 -41 0
-43 -42 0
-44 -42 0
-45 -42 0
-47 -42 0
-49 -42 0
-51 -42 0
-53 -42 0
-54 -42 0
-55 -42 0
-56 -42 0
-57 -42 0
-58 -42 0
-59 -42 0
-60 -42 0
-61 -42 0
-62 -42 0
-63 -42 0
-64 -42 0
-65 -42 0
-67 -42 0
-69 -42 0
-71 -42 0
-73 -42 0
-74 -42 0
-75 -42 0
-76 -42 0
-77 -42 0
-78 -42 0
-79 -42 0
-80 -42 0
-81 -42 0
-82 -42 0
-83 -42 0
-84 -42 0
-85 -42 0
-87 -42 0
-89 -42 0
-91 -42 0
-93 -42 0
-94 -42 0
-95 -42 0
-96 -42 0
-97 -42 0
-98 -42 0
-99 -42 0
-100 -42 0
-101 -42 0
-102 -42 0
-103 -42 0
-104 -42 0
-105 -42 0
-106 -42 0
-107 -42 0
-108 -42 0
-109 -42 0
-110 -42 0
-111 -42 0
-112 -42 0
-113 -42 0
-114 -42 0
-115 -42 0
-116 -42 0
-117 -42 0
-118 -42 0
-119 -42 0
-120 -42 0
-44 -43 0
-45 -43 0
-47 -43 0
-49 -43 0
-51 -43 0
-53 -43 0
-54 -43 0
-55 -43 0
-56 -43 0
-57 -43 0
-58 -43 0
-59 -43 0
-60 -43 0
-61 -43 0
-62 -43 0
-63 -43 0
-64 -43 0
-65 -43 0
-67 -43 0
-69 -43 0
-71 -43 0
-73 -43 0
-74 -43 0
-75 -43 0
-76 -43 0
-77 -43 0
-78 -43 0
-79 -43 0
-80 -43 0
-81 -43 0
-82 -43 0
-83 -43 0
-84 -43 0
-85 -43 0
-87 -43 0
-89 -43 0
-91 -43 0
-93 -43 0
-94 -43 0
-95 -43 0
-96 -43 0
-97 -43 0
-98 -43 0
-99 -43 0
-100 -43 0
-101 -43 0
-102 -43 0
-103 -43 0
-104 -43 0
-105 -43 0
-106 -43 0
-107 -43 0
-108 -43 0
-109 -43 0
-110 -43 0
-111 -43 0
-112 -43 0
-113 -43 0
-114 -43 0
-115 -43 0
-116 -43 0
-117 -43 0
-118 -43 0
-119 -43 0
-120 -43 0
-45 -44 0
-47 -44 0
-49 -44 0
-51 -44 0
-53 -44 0
-54 -44 0
-55 -44 0
-56 -44 0
-57 -44 0
-58 -44 0
-59 -44 0
-60 -44 0
-61 -44 0
-62 -44 0
-63 -44 0
-64 -44 0
-65 -44 0
-67 -44 0
-69 -44 0
-71 -44 0
-73 -44 0
-74 -44 0
-75 -44 0
-76 -44 0
-77 -44 0
-78 -44 0
-79 -44 0
-80 -44 0
-81 -44 0
-82 -44 0
-83 -44 0
-84 -44 0
-85 -44 0
-87 -44 0
-89 -44 0
-91 -44 0
-93 -44 0
-94 -44 0
-95 -44 0
-96 -44 0
-97 -44 0
-98 -44 0
-99 -44 0
-100 -44 0
-101 -44 0
-102 -44 0
-103 -44 0
-104 -44 0
-105 -44 0
-106 -44 0
-107 -44 0
-108 -44 0
-109 -44 0
-110 -44 0
-111 -44 0
-112 -44 0
-113 -44 0
-114 -44 0
-115 -44 0
-116 -44 0
-117 -44 0
-118 -44 0
-119 -44 0
-120 -44 0
-47 -45 0
-49 -45 0
-51 -45 0
-53 -45 0
-54 -45 0
-55 -45 0
-56 -45 0
-57 -45 0
-58 -45 0
-59 -45 0
-60 -45 0
-61 -45 0
-62 -45 0
-63 -45 0
-64 -45 0
-65 -45 0
-67 -45 0
-69 -45 0
-71 -45 0
-73 -45 0
-74 -45 0
-75 -45 0
-76 -45 0
-77 -45 0
-78 -45 0
-79 -45 0
-80 -45 0
-81 -45 0
-82 -45 0
-83 -45 0
-84 -45 0
-85 -45 0
-87 -45 0
-89 -45 0
-91 -45 0
-93 -45 0
-94 -45 0
-95 -45 0
-96 -45 0
-97 -45 0
-98 -45 0
-99 -45 0
-100 -45 0
-101 -45 0
-102 -45 0
-103 -45 0
-104 -45 0
-105 -45 0
-106 -45 0
-107 -45 0
-108 -45 0
-109 -45 0
-110 -45 0
-111 -45 0
-112 -45 0
-113 -45 0
-114 -45 0
-115 -45 0
-116 -45 0
-117 -45 0
-118 -45 0
-119 -45 0
-120 -45 0
-49 -47 0
-51 -47 0
-53 -47 0
-54 -47 0
-55 -47 0
-56 -47 0
-57 -47 0
-58 -47 0
-59 -47 0
-60 -47 0
-61 -47 0
-62 -47 0
-63 -47 0
-64 -47 0
-65 -47 0
-67 -47 0
-69 -47 0
-71 -47 0
-73 -47 0
-74 -47 0
-75 -47 0
-76 -47 0
-77 -47 0
-78 -47 0
-79 -47 0
-80 -47 0
-81 -47 0
-82 -47 0
-83 -47 0
-84 -47 0
-85 -47 0
-87 -47 0
-89 -47 0
-91 -47 0
-93 -47 0
-94 -47 0
-95 -47 0
-96 -47 0
-97 -47 0
-98 -47 0
-99 -47 0
-100 -47 0
-101 -47 0
-102 -47 0
-103 -47 0
-104 -47 0
-105 -47 0
-106 -47 0
-107 -47 0
-108 -47 0
-109 -47 0
-110 -47 0
-111 -47 0
-112 -47 0
-113 -47 0
-114 -47 0
-115 -47 0
-116 -47 0
-117 -47 0
-118 -47 0
-119 -47 0
-120 -47 0
-51 -49 0
-53 -49 0
-54 -49 0
-55 -49 0
-56 -49 0
-57 -49 0
-58 -49 0
-59 -49 0
-60 -49 0
-61 -49 0
-62 -49 0
-63 -49 0
-64 -49 0
-65 -49 0
-67 -49 0
-69 -49 0
-71 -49 0
-73 -49 0
-74 -49 0
-75 -49 0
-76 -49 0
-77 -49 0
-78 -49 0
-79 -49 0
-80 -49 0
-81 -49 0
-82 -49 0
-83 -49 0
-84 -49 0
-85 -49 0
-87 -49 0
-89 -49 0
-91 -49 0
-93 -49 0
-94 -49 0
-95 -49 0
-96 -49 0
-97 -49 0
-98 -49 0
-99 -49 0
-100 -49 0
-101 -49 0
-102 -49 0
-103 -49 0
-104 -49 0
-105 -49 0
-106 -49 0
-107 -49 0
-108 -49 0
-109 -49 0
-110 -49 0
-111 -49 0
-112 -49 0
-113 -49 0
-114 -49 0
-115 -49 0
-116 -49 0
-117 -49 0
-118 -49 0
-119 -49 0
-120 -49 0
-53 -51 0
-54 -51 0
-55 -51 0
-56 -51 0
-57 -51 0
-58 -51 0
-59 -51 0
-60 -51 0
-61 -51 0
-62 -51 0
-63 -51 0
-64 -51 0
-65 -51 0
-67 -51 0
-69 -51 0
-71 -51 0
-73 -51 0
-74 -51 0
-75 -51 0
-76 -51 0
-77 -51 0
-78 -51 0
-79 -51 0
-80 -51 0
-81 -51 0
-82 -51 0
-83 -51 0
-84 -51 0
-85 -51 0
-87 -51 0
-89 -51 0
-91 -51 0
-93 -51 0
-94 -51 0
-95 -51 0
-96 -51 0
-97 -51 0
-98 -51 0
-99 -51 0
-100 -51 0
-101 -51 0
-102 -51 0
-103 -51 0
-104 -51 0
-105 -51 0
-106 -51 0
-107 -51 0
-108 -51 0
-109 -51 0
-110 -51 0
-111 -51 0
-112 -51 0
-113 -51 0
-114 -51 0
-115 -51 0
-116 -51 0
-117 -51 0
-118 -51 0
-119 -51 0
-120 -51 0
-54 -53 0
-55 -53 0
-56 -53 0
-57 -53 0
-58 -53 0
-59 -53 0
-60 -53 0
-61 -53 0
-62 -53 0
-63 -53 0
-64 -53 0
-65 -53 0
-67 -53 0
-69 -53 0
-71 -53 0
-73 -53 0
-74 -53 0
-75 -53 0
-76 -53 0
-77 -53 0
-78 -53 0
-79 -53 0
-80 -53 0
-81 -53 0
-82 -53 0
-83 -53 0
-84 -53 0
-85 -53 0
-87 -53 0
-89 -53 0
-91 -53 0
-93 -53 0
-94 -53 0
-95 -53 0
-96 -53 0
-97 -53 0
-98 -53 0
-99 -53 0
-100 -53 0
-101 -53 0
-102 -53 0
-103 -53 0
-104 -53 0
-105 -53 0
-106 -53 0
-107 -53 0
-108 -53 0
-109 -53 0
-110 -53 0
-111 -53 0
-112 -53 0
-113 -53 0
-114 -53 0
-115 -53 0
-116 -53 0
-117 -53 0
-118 -53 0
-119 -53 0
-120 -53 0
-55 -54 0
-56 -54 0
-57 -54 0
-58 -54 0
-59 -54 0
-60 -54 0
-61 -54 0
-62 -54 0
-63 -54 0
-64 -54 0
-65 -54 0
-67 -54 0
-69 -54 0
-71 -54 0
-73 -54 0
-74 -54 0
-75 -54 0
-76 -54 0
-77 -54 0
-78 -54 0
-79 -54 0
-80 -54 0
-81 -54 0
-82 -54 0
-83 -54 0
-84 -54 0
-85 -54 0
-87 -54 0
-89 -54 0
-91 -54 0
-93 -54 0
-94 -54 0
-95 -54 0
-96 -54 0
-97 -54 0
-98 -54 0
-99 -54 0
-100 -54 0
-101 -54 0
-102 -54 0
-103 -54 0
-104 -54 0
-105 -54 0
-106 -54 0
-107 -54 0
-108 -54 0
-109 -54 0
-110 -54 0
-111 -54 0
-112 -54 0
-113 -54 0
-114 -54 0
-115 -54 0
-116 -54 0
-117 -54 0
-118 -54 0
-119 -54 0
-120 -54 0
-56 -55 0
-57 -55 0
-58 -55 0
-59 -55 0
-60 -55 0
-61 -55 0
-62 -55 0
-63 -55 0
-64 -55 0
-65 -55 0
-67 -55 0
-69 -55 0
-71 -55 0
-73 -55 0
-74 -55 0
-75 -55 0
-76 -55 0
-77 -55 0
-78 -55 0
-79 -55 0
-80 -55 0
-81 -55 0
-82 -55 0
-83 -55 0
-84 -55 0
-85 -55 0
-87 -55 0
-89 -55 0
-91 -55 0
-93 -55 0
-94 -55 0
-95 -55 0
-96 -55 0
-97 -55 0
-98 -55 0
-99 -55 0
-100 -55 0
-101 -55 0
-102 -55 0
-103 -55 0
-104 -55 0
-105 -55 0
-106 -55 0
-107 -55 0
-108 -55 0
-109 -55 0
-110 -55 0
-111 -55 0
-112 -55 0
-113 -55 0
-114 -55 0
-115 -55 0
-116 -55 0
-117 -55 0
-118 -55 0
-119 -55 0
-120 -55 0
-57 -56 0
-58 -56 0
-59 -56 0
-60 -56 0
-61 -56 0
-62 -56 0
-63 -56 0
-64 -56 0
-65 -56 0
-67 -56 0
-69 -56 0
-71 -56 0
-73 -56 0
-74 -56 0
-75 -56 0
-76 -56 0
-77 -56 0
-78 -56 0
-79 -56 0
-80 -56 0
-81 -56 0
-82 -56 0
-83 -56 0
-84 -56 0
-85 -56 0
-87 -56 0
-89 -56 0
-91 -56 0
-93 -56 0
-94 -56 0
-95 -56 0
-96 -56 0
-97 -56 0
-98 -56 0
-99 -56 0
-100 -56 0
-101 -56 0
-102 -56 0
-103 -56 0
-104 -56 0
-105 -56 0
-106 -56 0
-107 -56 0
-108 -56 0
-109 -56 0
-110 -56 0
-111 -56 0
-112 -56 0
-113 -56 0
-114 -56 0
-115 -56 0
-116 -56 0
-117 -56 0
-118 -56 0
-119 -56 0
-120 -56 0
-58 -57 0
-59 -57 0
-60 -57 0
-61 -57 0
-62 -57 0
-63 -57 0
-64 -57 0
-65 -57 0
-67 -57 0
-69 -57 0
-71 -57 0
-73 -57 0
-74 -57 0
-75 -57 0
-76 -57 0
-77 -57 0
-78 -57 0
-79 -57 0
-80 -57 0
-81 -57 0
-82 -57 0
-83 -57 0
-84 -57 0
-85 -57 0
-87 -57 0
-89 -57 0
-91 -57 0
-93 -57 0
-94 -57 0
-95 -57 0
-96 -57 0
-97 -57 0
-98 -57 0
-99 -57 0
-100 -57 0
-101 -57 0
-102 -57 0
-103 -57 0
-104 -57 0
-105 -57 0
-106 -57 0
-107 -57 0
-108 -57 0
-109 -57 0
-110 -57 0
-111 -57 0
-112 -57 0
-113 -57 0
-114 -57 0
-115 -57 0
-116 -57 0
-117 -57 0
-118 -57 0
-119 -57 0
-120 -57 0
-59 -58 0
-60 -58 0
-61 -58 0
-62 -58 0
-63 -58 0
-64 -58 0
-65 -58 0
-67 -58 0
-69 -58 0
-71 -58 0
-73 -58 0
-74 -58 0
-75 -58 0
-76 -58 0
-77 -58 0
-78 -58 0
-79 -58 0
-80 -58 0
-81 -58 0
-82 -58 0
-83 -58 0
-84 -58 0
-85 -58 0
-87 -58 0
-89 -58 0
-91 -58 0
-93 -58 0
-94 -58 0
-95 -58 0
-96 -58 0
-97 -58 0
-98 -58 0
-99 -58 0
-100 -58 0
-101 -58 0
-102 -58 0
-103 -58 0
-104 -58 0
-105 -58 0
-106 -58 0
-107 -58 0
-108 -58 0
-109 -58 0
-110 -58 0
-111 -58 0
-112 -58 0
-113 -58 0
-114 -58 0
-115 -58 0
-116 -58 0
-117 -58 0
-118 -58 0
-119 -58 0
-120 -58 0
-60 -59 0
-61 -59 0
-62 -59 0
-63 -59 0
-64 -59 0
-65 -59 0
-67 -59 0
-69 -59 0
-71 -59 0
-73 -59 0
-74 -59 0
-75 -59 0
-76 -59 0
-77 -59 0
-78 -59 0
-79 -59 0
-80 -59 0
-81 -59 0
-82 -59 0
-83 -59 0
-84 -59 0
-85 -59 0
-87 -59 0
-89 -59 0
-91 -59 0
-93 -59 0
-94 -59 0
-95 -59 0
-96 -59 0
-97 -59 0
-98 -59 0
-99 -59 0
-100 -59 0
-101 -59 0
-102 -59 0
-103 -59 0
-104 -59 0
-105 -59 0
-106 -59 0
-107 -59 0
-108 -59 0
-109 -59 0
-110 -59 0
-111 -59 0
-112 -59 0
-113 -59 0
-114 -59 0
-115 -59 0
-116 -59 0
-117 -59 0
-118 -59 0
-119 -59 0
-120 -59 0
-61 -60 0
-62 -60 0
-63 -60 0
-64 -60 0
-65 -60 0
-67 -60 0
-69 -60 0
-71 -60 0
-73 -60 0
-74 -60 0
-75 -60 0
-76 -60 0
-77 -60 0
-78 -60 0
-79 -60 0
-80 -60 0
-81 -60 0
-82 -60 0
-83 -60 0
-84 -60 0
-85 -60 0
-87 -60 0
-89 -60 0
-91 -60 0
-93 -60 0
-94 -60 0
-95 -60 0
-96 -60 0
-97 -60 0
-98 -60 0
-99 -60 0
-100 -60 0
-101 -60 0
-102 -60 0
-103 -60 0
-104 -60 0
-105 -60 0
-106 -60 0
-107 -60 0
-108 -60 0
-109 -60 0
-110 -60 0
-111 -60 0
-112 -60 0
-113 -60 0
-114 -60 0
-115 -60 0
-116 -60 0
-117 -60 0
-118 -60 0
-119 -60 0
-120 -60 0
-62 -61 0
-63 -61 0
-64 -61 0
-65 -61 0
-67 -61 0
-69 -61 0
-71 -61 0
-73 -61 0
-74 -61 0
-75 -61 0
-76 -61 0
-77 -61 0
-78 -61 0
-79 -61 0
-80 -61 0
-81 -61 0
-82 -61 0
-83 -61 0
-84 -61 0
-85 -61 0
-87 -61 0
-89 -61 0
-91 -61 0
-93 -61 0
-94 -61 0
-95 -61 0
-96 -61 0
-97 -61 0
-98 -61 0
-99 -61 0
-100 -61 0
-101 -61 0
-102 -61 0
-103 -61 0
-104 -61 0
-105 -61 0
-106 -61 0
-107 -61 0
-108 -61 0
-109 -61 0
-110 -61 0
-111 -61 0
-112 -61 0
-113 -61 0
-114 -61 0
-115 -61 0
-116 -61 0
-117 -61 0
-118 -61 0
-119 -61 0
-120 -61 0
-63 -62 0
-64 -62 0
-65 -62 0
-67 -62 0
-69 -62 0
-71 -62 0
-73 -62 0
-74 -62 0
-75 -62 0
-76 -62 0
-77 -62 0
-78 -62 0
-79 -62 0
-80 -62 0
-81 -62 0
-82 -62 0
-83 -62 0
-84 -62 0
-85 -62 0
-87 -62 0
-89 -62 0
-91 -62 0
-93 -62 0
-94 -62 0
-95 -62 0
-96 -62 0
-97 -62 0
-98 -62 0
-99 -62 0
-100 -62 0
-101 -62 0
-102 -62 0
-103 -62 0
-104 -62 0
-105 -62 0
-106 -62 0
-107 -62 0
-108 -62 0
-109 -62 0
-110 -62 0
-111 -62 0
-112 -62 0
-113 -62 0
-114 -62 0
-115 -62 0
-116 -62 0
-117 -62 0
-118 -62 0
-119 -62 0
-120 -62 0
-64 -63 0
-65 -63 0
-67 -63 0
-69 -63 0
-71 -63 0
-73 -63 0
-74 -63 0
-75 -63 0
-76 -63 0
-77 -63 0
-78 -63 0
-79 -63 0
-80 -63 0
-81 -63 0
-82 -63 0
-83 -63 0
-84 -63 0
-85 -63 0
-87 -63 0
-89 -63 0
-91 -63 0
-93 -63 0
-94 -63 0
-95 -63 0
-96 -63 0
-97 -63 0
-98 -63 0
-99 -63 0
-100 -63 0
-101 -63 0
-102 -63 0
-103 -63 0
-104 -63 0
-105 -63 0
-106 -63 0
-107 -63 0
-108 -63 0
-109 -63 0
-110 -63 0
-111 -63 0
-112 -63 0
-113 -63 0
-114 -63 0
-115 -63 0
-116 -63 0
-117 -63 0
-118 -63 0
-119 -63 0
-120 -63 0
-65 -64 0
-67 -64 0
-69 -64 0
-71 -64 0
-73 -64 0
-74 -64 0
-75 -64 0
-76 -64 0
-77 -64 0
-78 -64 0
-79 -64 0
-80 -64 0
-81 -64 0
-82 -64 0
-83 -64 0
-84 -64 0
-85 -64 0
-87 -64 0
-89 -64 0
-91 -64 0
-93 -64 0
-94 -64 0
-95 -64 0
-96 -64 0
-97 -64 0
-98 -64 0
-99 -64 0
-100 -64 0
-101 -64 0
-102 -64 0
-103 -64 0
-104 -64 0
-105 -64 0
-106 -64 0
-107 -64 0
-108 -64 0
-109 -64 0
-110 -64 0
-111 -64 0
-112 -64 0
-113 -64 0
-114 -64 0
-115 -64 0
-116 -64 0
-117 -64 0
-118 -64 0
-119 -64 0
-120 -64 0
-67 -65 0
-69 -65 0
-71 -65 0
-73 -65 0
-74 -65 0
-75 -65 0
-76 -65 0
-77 -65 0
-78 -65 0
-79 -65 0
-80 -65 0
-81 -65 0
-82 -65 0
-83 -65 0
-84 -65 0
-85 -65 0
-87 -65 0
-89 -65 0
-91 -65 0
-93 -65 0
-94 -65 0
-95 -65 0
-96 -65 0
-97 -65 0
-98 -65 0
-99 -65 0
-100 -65 0
-101 -65 0
-102 -65 0
-103 -65 0
-104 -65 0
-105 -65 0
-106 -65 0
-107 -65 0
-108 -65 0
-109 -65 0
-110 -65 0
-111 -65 0
-112 -65 0
-113 -65 0
-114 -65 0
-115 -65 0
-116 -65 0
-117 -65 0
-118 -65 0
-119 -65 0
-120 -65 0
-69 -67 0
-71 -67 0
-73 -67 0
-74 -67 0
-75 -67 0
-76 -67 0
-77 -67 0
-78 -67 0
-79 -67 0
-80 -67 0
-81 -67 0
-82 -67 0
-83 -67 0
-84 -67 0
-85 -67 0
-87 -67 0
-89 -67 0
-91 -67 0
-93 -67 0
-94 -67 0
-95 -67 0
-96 -67 0
-97 -67 0
-98 -67 0
-99 -67 0
-100 -67 0
-101 -67 0
-102 -67 0
-103 -67 0
-104 -67 0
-105 -67 0
-106 -67 0
-107 -67 0
-108 -67 0
-109 -67 0
-110 -67 0
-111 -67 0
-112 -67 0
-113 -67 0
-114 -67 0
-115 -67 0
-116 -67 0
-117 -67 0
-118 -67 0
-119 -67 0
-120 -67 0
-71 -69 0
-73 -69 0
-74 -69 0
-75 -69 0
-76 -69 0
-77 -69 0
-78 -69 0
-79 -69 0
-80 -69 0
-81 -69 0
-82 -69 0
-83 -69 0
-84 -69 0
-85 -69 0
-87 -69 0
-89 -69 0
-91 -69 0
-93 -69 0
-94 -69 0
-95 -69 0
-96 -69 0
-97 -69 0
-98 -69 0
-99 -69 0
-100 -69 0
-101 -69 0
-102 -69 0
-103 -69 0
-104 -69 0
-105 -69 0
-106 -69 0
-107 -69 0
-108 -69 0
-109 -69 0
-110 -69 0
-111 -69 0
-112 -69 0
-113 -69 0
-114 -69 0
-115 -69 0
-116 -69 0
-117 -69 0
-118 -69 0
-119 -69 0
-120 -69 0
-73 -71 0
-74 -71 0
-75 -71 0
-76 -71 0
-77 -71 0
-78 -71 0
-79 -71 0
-80 -71 0
-81 -71 0
-82 -71 0
-83 -71 0
-84 -71 0
-85 -71 0
-87 -71 0
-89 -71 0
-91 -71 0
-93 -71 0
-94 -71 0
-95 -71 0
-96 -71 0
-97 -71 0
-98 -71 0
-99 -71 0
-100 -71 0
-101 -71 0
-102 -71 0
-103 -71 0
-104 -71 0
-105 -71 0
-106 -71 0
-107 -71 0
-108 -71 0
-109 -71 0
-110 -71 0
-111 -71 0
-112 -71 0
-113 -71 0
-114 -71 0
-115 -71 0
-116 -71 0
-117 -71 0
-118 -71 0
-119 -71 0
-120 -71 0
-74 -73 0
-75 -73 0
-76 -73 0
-77 -73 0
-78 -73 0
-79 -73 0
-80 -73 0
-81 -73 0
-82 -73 0
-83 -73 0
-84 -73 0
-85 -73 0
-87 -73 0
-89 -73 0
-91 -73 0
-93 -73 0
-94 -73 0
-95 -73 0
-96 -73 0
-97 -73 0
-98 -73 0
-99 -73 0
-100 -73 0
-101 -73 0
-102 -73 0
-103 -73 0
-104 -73 0
-105 -73 0
-106 -73 0
-107 -73 0
-108 -73 0
-109 -73 0
-110 -73 0
-111 -73 0
-112 -73 0
-113 -73 0
-114 -73 0
-115 -73 0
-116 -73 0
-117 -73 0
-118 -73 0
-119 -73 0
-120 -73 0
-75 -74 0
-76 -74 0
-77 -74 0
-78 -74 0
-79 -74 0
-80 -74 0
-81 -74 0
-82 -74 0
-83 -74 0
-84 -74 0
-85 -74 0
-87 -74 0
-89 -74 0
-91 -74 0
-93 -74 0
-94 -74 0
-95 -74 0
-96 -74 0
-97 -74 0
-98 -74 0
-99 -74 0
-100 -74 0
-101 -74 0
-102 -74 0
-103 -74 0
-104 -74 0
-105 -74 0
-106 -74 0
-107 -74 0
-108 -74 0
-109 -74 0
-110 -74 0
-111 -74 0
-112 -74 0
-113 -74 0
-114 -74 0
-115 -74 0
-116 -74 0
-117 -74 0
-118 -74 0
-119 -74 0
-120 -74 0
-76 -75 0
-77 -75 0
-78 -75 0
-79 -75 0
-80 -75 0
-81 -75 0
-82 -75 0
-83 -75 0
-84 -75 0
-85 -75 0
-87 -75 0
-89 -75 0
-91 -75 0
-93 -75 0
-94 -75 0
-95 -75 0
-96 -75 0
-97 -75 0
-98 -75 0
-99 -75 0
-100 -75 0
-101 -75 0
-102 -75 0
-103 -75 0
-104 -75 0
-105 -75 0
-106 -75 0
-107 -75 0
-108 -75 0
-109 -75 0
-110 -75 0
-111 -75 0
-112 -75 0
-113 -75 0
-114 -75 0
-115 -75 0
-116 -75 0
-117 -75 0
-118 -75 0
-119 -75 0
-120 -75 0
-77 -76 0
-78 -76 0
-79 -76 0
-80 -76 0
-81 -76 0
-82 -76 0
-83 -76 0
-84 -76 0
-85 -76 0
-87 -76 0
-89 -76 0
-91 -76 0
-93 -76 0
-94 -76 0
-95 -76 0
-96 -76 0
-97 -76 0
-98 -76 0
-99 -76 0
-100 -76 0
-101 -76 0
-102 -76 0
-103 -76 0
-104 -76 0
-105 -76 0
-106 -76 0
-107 -76 0
-108 -76 0
-109 -76 0
-110 -76 0
-111 -76 0
-112 -76 0
-113 -76 0
-114 -76 0
-115 -76 0
-116 -76 0
-117 -76 0
-118 -76 0
-119 -76 0
-120 -76 0
-78 -77 0
-79 -77 0
-80 -77 0
-81 -77 0
-82 -77 0
-83 -77 0
-84 -77 0
-85 -77 0
-87 -77 0
-89 -77 0
-91 -77 0
-93 -77 0
-94 -77 0
-95 -77 0
-96 -77 0
-97 -77 0
-98 -77 0
-99 -77 0
-100 -77 0
-101 -77 0
-102 -77 0
-103 -77 0
-104 -77 0
-105 -77 0
-106 -77 0
-107 -77 0
-108 -77 0
-109 -77 0
-110 -77 0
-111 -77 0
-112 -77 0
-113 -77 0
-114 -77 0
-115 -77 0
-116 -77 0
-117 -77 0
-118 -77 0
-119 -77 0
-120 -77 0
-79 -78 0
-80 -78 0
-81 -78 0
-82 -78 0
-83 -78 0
-84 -78 0
-85 -78 0
-87 -78 0
-89 -78 0
-91 -78 0
-93 -78 0
-94 -78 0
-95 -78 0
-96 -78 0
-97 -78 0
-98 -78 0
-99 -78 0
-100 -78 0
-101 -78 0
-102 -78 0
-103 -78 0
-104 -78 0
-105 -78 0
-106 -78 0
-107 -78 0
-108 -78 0
-109 -78 0
-110 -78 0
-111 -78 0
-112 -78 0
-113 -78 0
-114 -78 0
-115 -78 0
-116 -78 0
-117 -78 0
-118 -78 0
-119 -78 0
-120 -78 0
-80 -79 0
-81 -79 0
-82 -79 0
-83 -79 0
-84 -79 0
-85 -79 0
-87 -79 0
-89 -79 0
-91 -79 0
-93 -79 0
-94 -79 0
-95 -79 0
-96 -79 0
-97 -79 0
-98 -79 0
-99 -79 0
-100 -79 0
-101 -79 0
-102 -79 0
-103 -79 0
-104 -79 0
-105 -79 0
-106 -79 0
-107 -79 0
-108 -79 0
-109 -79 0
-110 -79 0
-111 -79 0
-112 -79 0
-113 -79 0
-114 -79 0
-115 -79 0
-116 -79 0
-117 -79 0
-118 -79 0
-119 -79 0
-120 -79 0
-81 -80 0
-82 -80 0
-83 -80 0
-84 -80 0
-85 -80 0
-87 -80 0
-89 -80 0
-91 -80 0
-93 -80 0
-94 -80 0
-95 -80 0
-96 -80 0
-97 -80 0
-98 -80 0
-99 -80 0
-100 -80 0
-101 -80 0
-102 -80 0
-103 -80 0
-104 -80 0
-105 -80 0
-106 -80 0
-107 -80 0
-108 -80 0
-109 -80 0
-110 -80 0
-111 -80 0
-112 -80 0
-113 -80 0
-114 -80 0
-115 -80 0
-116 -80 0
-117 -80 0
-118 -80 0
-119 -80 0
-120 -80 0
-82 -81 0
-83 -81 0
-84 -81 0
-85 -81 0
-87 -81 0
-89 -81 0
-91 -81 0
-93 -81 0
-94 -81 0
-95 -81 0
-96 -81 0
-97 -81 0
-98 -81 0
-99 -81 0
-100 -81 0
-101 -81 0
-102 -81 0
-103 -81 0
-104 -81 0
-105 -81 0
-106 -81 0
-107 -81 0
-108 -81 0
-109 -81 0
-110 -81 0
-111 -81 0
-112 -81 0
-113 -81 0
-114 -81 0
-115 -81 0
-116 -81 0
-117 -81 0
-118 -81 0
-119 -81 0
-120 -81 0
-83 -82 0
-84 -82 0
-85 -82 0
-87 -82 0
-89 -82 0
-91 -82 0
-93 -82 0
-94 -82 0
-95 -82 0
-96 -82 0
-97 -82 0
-98 -82 0
-99 -82 0
-100 -82 0
-101 -82 0
-102 -82 0
-103 -82 0
-104 -82 0
-105 -82 0
-106 -82 0
-107 -82 0
-108 -82 0
-109 -82 0
-110 -82 0
-111 -82 0
-112 -82 0
-113 -82 0
-114 -82 0
-115 -82 0
-116 -82 0
-117 -82 0
-118 -82 0
-119 -82 0
-120 -82 0
-84 -83 0
-85 -83 0
-87 -83 0
-89 -83 0
-91 -83 0
-93 -83 0
-94 -83 0
-95 -83 0
-96 -83 0
-97 -83 0
-98 -83 0
-99 -83 0
-100 -83 0
-101 -83 0
-102 -83 0
-103 -83 0
-104 -83 0
-105 -83 0
-106 -83 0
-107 -83 0
-108 -83 0
-109 -83 0
-110 -83 0
-111 -83 0
-112 -83 0
-113 -83 0
-114 -83 0
-115 -83 0
-116 -83 0
-117 -83 0
-118 -83 0
-119 -83 0
-120 -83 0
-85 -84 0
-87 -84 0
-89 -84 0
-91 -84 0
-93 -84 0
-94 -84 0
-95 -84 0
-96 -84 0
-97 -84 0
-98 -84 0
-99 -84 0
-100 -84 0
-101 -84 0
-102 -84 0
-103 -84 0
-104 -84 0
-105 -84 0
-106 -84 0
-107 -84 0
-108 -84 0
-109 -84 0
-110 -84 0
-111 -84 0
-112 -84 0
-113 -84 0
-114 -84 0
-115 -84 0
-116 -84 0
-117 -84 0
-118 -84 0
-119 -84 0
-120 -84 0
-87 -85 0
-89 -85 0
-91 -85 0
-93 -85 0
-94 -85 0
-95 -85 0
-96 -85 0
-97 -85 0
-98 -85 0
-99 -85 0
-100 -85 0
-101 -85 0
-102 -85 0
-103 -85 0
-104 -85 0
-105 -85 0
-106 -85 0
-107 -85 0
-108 -85 0
-109 -85 0
-110 -85 0
-111 -85 0
-112 -85 0
-113 -85 0
-114 -85 0
-115 -85 0
-116 -85 0
-117 -85 0
-118 -85 0
-119 -85 0
-120 -85 0
-89 -87 0
-91 -87 0
-93 -87 0
-94 -87 0
-95 -87 0
-96 -87 0
-97 -87 0
-98 -87 0
-99 -87 0
-100 -87 0
-101 -87 0
-102 -87 0
-103 -87 0
-104 -87 0
-105 -87 0
-106 -87 0
-107 -87 0
-108 -87 0
-109 -87 0
-110 -87 0
-111 -87 0
-112 -87 0
-113 -87 0
-114 -87 0
-115 -87 0
-116 -87 0
-117 -87 0
-118 -87 0
-119 -87 0
-120 -87 0
-91 -89 0
-93 -89 0
-94 -89 0
-95 -89 0
-96 -89 0
-97 -89 0
-98 -89 0
-99 -89 0
-100 -89 0
-101 -89 0
-102 -89 0
-103 -89 0
-104 -89 0
-105 -89 0
-106 -89 0
-107 -89 0
-108 -89 0
-109 -89 0
-110 -89 0
-111 -89 0
-112 -89 0
-113 -89 0
-114 -89 0
-115 -89 0
-116 -89 0
-117 -89 0
-118 -89 0
-119 -89 0
-120 -89 0
-93 -91 0
-94 -91 0
-95 -91 0
-96 -91 0
-97 -91 0
-98 -91 0
-99 -91 0
-100 -91 0
-101 -91 0
-102 -91 0
-103 -91 0
-104 -91 0
-105 -91 0
-106 -91 0
-107 -91 0
-108 -91 0
-109 -91 0
-110 -91 0
-111 -91 0
-112 -91 0
-113 -91 0
-114 -91 0
-115 -91 0
-116 -91 0
-117 -91 0
-118 -91 0
-119 -91 0
-120 -91 0
-94 -93 0
-95 -93 0
-96 -93 0
-97 -93 0
-98 -93 0
-99 -93 0
-100 -93 0
-101 -93 0
-102 -93 0
-103 -93 0
-104 -93 0
-105 -93 0
-106 -93 0
-107 -93 0
-108 -93 0
-109 -93 0
-110 -93 0
-111 -93 0
-112 -93 0
-113 -93 0
-114 -93 0
-115 -93 0
-116 -93 0
-117 -93 0
-118 -93 0
-119 -93 0
-120 -93 0
-95 -94 0
-96 -94 0
-97 -94 0
-98 -94 0
-99 -94 0
-100 -94 0
-101 -94 0
-102 -94 0
-103 -94 0
-104 -94 0
-105 -94 0
-106 -94 0
-107 -94 0
-108 -94 0
-109 -94 0
-110 -94 0
-111 -94 0
-112 -94 0
-113 -94 0
-114 -94 0
-115 -94 0
-116 -94 0
-117 -94 0
-118 -94 0
-119 -94 0
-120 -94 0
-96 -95 0
-97 -95 0
-98 -95 0
-99 -95 0
-100 -95 0
-101 -95 0
-102 -95 0
-103 -95 0
-104 -95 0
-105 -95 0
-106 -95 0
-107 -95 0
-108 -95 0
-109 -95 0
-110 -95 0
-111 -95 0
-112 -95 0
-113 -95 0
-114 -95 0
-115 -95 0
-116 -95 0
-117 -95 0
-118 -95 0
-119 -95 0
-120 -95 0
-97 -96 0
-98 -96 0
-99 -96 0
-100 -96 0
-101 -96 0
-102 -96 0
-103 -96 0
-104 -96 0
-105 -96 0
-106 -96 0
-107 -96 0
-108 -96 0
-109 -96 0
-110 -96 0
-111 -96 0
-112 -96 0
-113 -96 0
-114 -96 0
-115 -96 0
-116 -96 0
-117 -96 0
-118 -96 0
-119 -96 0
-120 -96 0
-98 -97 0
-99 -97 0
-100 -97 0
-101 -97 0
-102 -97 0
-103 -97 0
-104 -97 0
-105 -97 0
-106 -97 0
-107 -97 0
-108 -97 0
-109 -97 0
-110 -97 0
-111 -97 0
-112 -97 0
-113 -97 0
-114 -97 0
-115 -97 0
-116 -97 0
-117 -97 0
-118 -97 0
-119 -97 0
-120 -97 0
-99 -98 0
-100 -98 0
-101 -98 0
-102 -98 0
-103 -98 0
-104 -98 0
-105 -98 0
-106 -98 0
-107 -98 0
-108 -98 0
-109 -98 0
-110 -98 0
-111 -98 0
-112 -98 0
-113 -98 0
-114 -98 0
-115 -98 0
-116 -98 0
-117 -98 0
-118 -98 0
-119 -98 0
-120 -98 0
-100 -99 0
-101 -99 0
-102 -99 0
-103 -99 0
-104 -99 0
-105 -99 0
-106 -99 0
-107 -99 0
-108 -99 0
-109 -99 0
-110 -99 0
-111 -99 0
-112 -99 0
-113 -99 0
-114 -99 0
-115 -99 0
-116 -99 0
-117 -99 0
-118 -99 0
-119 -99 0
-120 -99 0
-101 -100 0
-102 -100 0
-103 -100 0
-104 -100 0
-105 -100 0
-106 -100 0
-107 -100 0
-108 -100 0
-109 -100 0
-110 -100 0
-111 -100 0
-112 -100 0
-113 -100 0
-114 -100 0
-115 -100 0
-116 -100 0
-117 -100 0
-118 -100 0
-119 -100 0
-120 -100 0
-102 -101 0
-103 -101 0
-104 -101 0
-105 -101 0
-106 -101 0
-107 -101 0
-108 -101 0
-109 -101 0
-110 -101 0
-111 -101 0
-112 -101 0
-113 -101 0
-114 -101 0
-115 -101 0
-116 -101 0
-117 -101 0
-118 -101 0
-119 -101 0
-120 -101 0
-103 -102 0
-104 -102 0
-105 -102 0
-106 -102 0
-107 -102 0
-108 -102 0
-109 -102 0
-110 -102 0
-111 -102 0
-112 -102 0
-113 -102 0
-114 -102 0
-115 -102 0
-116 -102 0
-117 -102 0
-118 -102 0
-119 -102 0
-120 -102 0
-104 -103 0
-105 -103 0
-106 -103 0
-107 -103 0
-108 -103 0
-109 -103 0
-110 -103 0
-111 -103 0
-112 -103 0
-113 -103 0
-114 -103 0
-115 -103 0
-116 -103 0
-117 -103 0
-118 -103 0
-119 -103 0
-120 -103 0
-105 -104 0
-106 -104 0
-107 -104 0
-108 -104 0
-109 -104 0
-110 -104 0
-111 -104 0
-112 -104 0
-113 -104 0
-114 -104 0
-115 -104 0
-116 -104 0
-117 -104 0
-118 -104 0
-119 -104 0
-120 -104 0
-106 -105 0
-107 -105 0
-108 -105 0
-109 -105 0
-110 -105 0
-111 -105 0
-112 -105 0
-113 -105 0
-114 -105 0
-115 -105 0
-116 -105 0
-117 -105 0
-118 -105 0
-119 -105 0
-120 -105 0
-107 -106 0
-108 -106 0
-109 -106 0
-110 -106 0
-111 -106 0
-112 -106 0
-113 -106 0
-114 -106 0
-115 -106 0
-116 -106 0
-117 -106 0
-118 -106 0
-119 -106 0
-120 -106 0
-108 -107 0
-109 -107 0
-110 -107 0
-111 -107 0
-112 -107 0
-113 -107 0
-114 -107 0
-115 -107 0
-116 -107 0
-117 -107 0
-118 -107 0
-119 -107 0
-120 -107 0
-109 -108 0
-110 -108 0
-111 -108 0
-112 -108 0
-113 -108 0
-114 -108 0
-115 -108 0
-116 -108 0
-117 -108 0
-118 -108 0
-119 -108 0
-120 -108 0
-110 -109 0
-111 -109 0
-112 -109 0
-113 -109 0
-114 -109 0
-115 -109 0
-116 -109 0
-117 -109 0
-118 -109 0
-119 -109 0
-120 -109 0
-111 -110 0
-112 -110 0
-113 -110 0
-114 -110 0
-115 -110 0
-116 -110 0
-117 -110 0
-118 -110 0
-119 -110 0
-120 -110 0
-112 -111 0
-113 -111 0
-114 -111 0
-115 -111 0
-116 -111 0
-117 -111 0
-118 -111 0
-119 -111 0
-120 -111 0
-113 -112 0
-114 -112 0
-115 -112 0
-116 -112 0
-117 -112 0
-118 -112 0
-119 -112 0
-120 -112 0
-114 -113 0
-115 -113 0
-116 -113 0
-117 -113 0
-118 -113 0
-119 -113 0
-120 -113 0
-115 -114 0
-116 -114 0
-117 -114 0
-118 -114 0
-119 -114 0
-120 -114 0
-116 -115 0
-117 -115 0
-118 -115 0
-119 -115 0
-120 -115 0
-117 -116 0
-118 -116 0
-119 -116 0
-120 -116 0
-118 -117 0
-119 -117 0
-120 -117 0
-119 -118 0
-120 -118 0
-120 -119 0
68 0
46 0
31 0
29 0
